symbol,quote_date,expiration,strike,option_type,bid,ask,mid,implied_volatility,delta,gamma,theta,vega,dte,underlying_price,volume,open_interest,iv_rank
UNH,2026-08-27,2026-09-04,220.0,C,178.6,185.55,182.075,202.4419,0.984446,0.000325,-0.314983,0.023194,8,401.01,2,1,24.23
UNH,2026-08-27,2026-09-04,235.0,C,162.95,170.55,166.75,171.9728,0.987108,0.000326,-0.235234,0.01973,8,401.01,2,1,24.23
UNH,2026-08-27,2026-09-04,290.0,C,107.65,115.65,111.65,108.5942,0.982196,0.00068,-0.205245,0.026037,8,401.01,1,2,24.23
UNH,2026-08-27,2026-09-04,300.0,C,98.95,105.1,102.025,107.4223,0.971894,0.001011,-0.285999,0.038265,8,401.01,1,3,24.23
UNH,2026-08-27,2026-09-04,330.0,C,70.0,75.4,72.7,86.6701,0.944011,0.002193,-0.393748,0.066978,8,401.01,0,1,24.23
UNH,2026-08-27,2026-09-04,350.0,C,50.4,55.65,53.025,68.8724,0.918228,0.003697,-0.418135,0.089732,8,401.01,1,12,24.23
UNH,2026-08-27,2026-09-04,355.0,C,45.25,49.65,47.45,57.9838,0.929491,0.003922,-0.32338,0.080158,8,401.01,2,5,24.23
UNH,2026-08-27,2026-09-04,360.0,C,40.15,45.4,42.775,55.9331,0.91213,0.004804,-0.363732,0.094705,8,401.01,5,11,24.23
UNH,2026-08-27,2026-09-04,370.0,C,30.55,35.95,33.25,65.6864,0.811804,0.006918,-0.686844,0.160161,8,401.01,1,4,24.23
UNH,2026-08-27,2026-09-04,375.0,C,26.35,30.7,28.525,57.7275,0.798665,0.008202,-0.631386,0.166874,8,401.01,1,14,24.23
UNH,2026-08-27,2026-09-04,380.0,C,21.3,26.2,23.75,53.5832,0.766768,0.00962,-0.636904,0.181678,8,401.01,6,7,24.23
UNH,2026-08-27,2026-09-04,382.5,C,18.8,22.45,20.625,43.836,0.780268,0.011369,-0.510659,0.175662,8,401.01,2,12,24.23
UNH,2026-08-27,2026-09-04,385.0,C,16.85,21.85,19.35,49.6221,0.726526,0.011295,-0.639965,0.197551,8,401.01,10,22,24.23
UNH,2026-08-27,2026-09-04,387.5,C,14.75,17.25,16.0,36.0968,0.752742,0.014742,-0.451922,0.187553,8,401.01,2,39,24.23
UNH,2026-08-27,2026-09-04,390.0,C,12.95,14.75,13.85,32.6118,0.731552,0.017029,-0.42713,0.195731,8,401.01,9,284,24.23
UNH,2026-08-27,2026-09-04,392.5,C,11.45,12.9,12.175,31.9038,0.689655,0.018635,-0.444512,0.209549,8,401.01,1,146,24.23
UNH,2026-08-27,2026-09-04,395.0,C,10.25,11.15,10.7,31.2019,0.643379,0.02013,-0.456693,0.221379,8,401.01,20,72,24.23
UNH,2026-08-27,2026-09-04,397.5,C,8.35,9.65,9.0,31.0676,0.591623,0.021057,-0.470739,0.230571,8,401.01,28,100,24.23
UNH,2026-08-27,2026-09-04,400.0,C,7.1,7.95,7.525,29.6272,0.53898,0.022573,-0.457543,0.235713,8,401.01,65,281,24.23
UNH,2026-08-27,2026-09-04,402.5,C,5.9,6.7,6.3,29.4868,0.482212,0.022767,-0.454952,0.236609,8,401.01,195,139,24.23
UNH,2026-08-27,2026-09-04,405.0,C,4.7,5.7,5.2,29.8164,0.427047,0.022159,-0.450731,0.232874,8,401.01,125,171,24.23
UNH,2026-08-27,2026-09-04,407.5,C,3.85,5.1,4.475,31.2995,0.379862,0.020488,-0.457065,0.226023,8,401.01,29,77,24.23
UNH,2026-08-27,2026-09-04,410.0,C,3.2,3.6,3.4,28.4309,0.313315,0.020998,-0.386256,0.210414,8,401.01,177,518,24.23
UNH,2026-08-27,2026-09-04,412.5,C,2.51,3.25,2.88,30.0788,0.276269,0.018728,-0.384147,0.198544,8,401.01,23,34,24.23
UNH,2026-08-27,2026-09-04,415.0,C,2.01,2.3,2.155,28.3577,0.218708,0.017528,-0.319159,0.175192,8,401.01,69,253,24.23
UNH,2026-08-27,2026-09-04,417.5,C,1.58,1.79,1.685,28.2234,0.177692,0.015534,-0.279614,0.154522,8,401.01,17,45,24.23
UNH,2026-08-27,2026-09-04,420.0,C,1.22,1.49,1.355,28.8703,0.148655,0.013522,-0.254167,0.137592,8,401.01,201,334,24.23
UNH,2026-08-27,2026-09-04,422.5,C,0.86,1.12,0.99,28.6018,0.116521,0.011538,-0.212554,0.116315,8,401.01,89,14,24.23
UNH,2026-08-27,2026-09-04,425.0,C,0.69,0.86,0.775,28.6384,0.091737,0.009688,-0.178674,0.097786,8,401.01,81,187,24.23
UNH,2026-08-27,2026-09-04,427.5,C,0.51,0.65,0.58,28.6384,0.070989,0.007983,-0.147049,0.080577,8,401.01,14,4,24.23
UNH,2026-08-27,2026-09-04,430.0,C,0.39,0.48,0.435,28.5652,0.053675,0.006434,-0.117791,0.06478,8,401.01,132,184,24.23
UNH,2026-08-27,2026-09-04,432.5,C,0.1,0.45,0.275,29.9812,0.048183,0.005626,-0.113309,0.059446,8,401.01,312,11,24.23
UNH,2026-08-27,2026-09-04,435.0,C,0.2,0.47,0.335,32.0563,0.047108,0.005167,-0.118841,0.058381,8,401.01,27,182,24.23
UNH,2026-08-27,2026-09-04,437.5,C,0.0,1.34,0.67,43.2135,0.093975,0.006536,-0.272552,0.099544,8,401.01,0,11,24.23
UNH,2026-08-27,2026-09-04,440.0,C,0.0,0.35,0.175,33.5944,0.034037,0.003787,-0.095491,0.044835,8,401.01,134,441,24.23
UNH,2026-08-27,2026-09-04,442.5,C,0.0,1.58,0.79,49.3413,0.096766,0.005849,-0.317455,0.101712,8,401.01,0,10,24.23
UNH,2026-08-27,2026-09-04,445.0,C,0.02,0.26,0.14,34.9616,0.024449,0.002764,-0.075385,0.034055,8,401.01,135,236,24.23
UNH,2026-08-27,2026-09-04,450.0,C,0.02,0.09,0.055,32.5202,0.009307,0.001296,-0.030575,0.01486,8,401.01,160,261,24.23
UNH,2026-08-27,2026-09-04,455.0,C,0.0,1.13,0.565,54.4926,0.064845,0.003912,-0.258437,0.075136,8,401.01,3,54,24.23
UNH,2026-08-27,2026-09-04,460.0,C,0.0,0.26,0.13,43.9459,0.019487,0.001815,-0.078,0.028118,8,401.01,22,225,24.23
UNH,2026-08-27,2026-09-04,465.0,C,0.0,0.23,0.115,45.9478,0.016563,0.001512,-0.070951,0.024478,8,401.01,32,61,24.23
UNH,2026-08-27,2026-09-04,470.0,C,0.0,0.75,0.375,52.6372,0.023419,0.00177,-0.108978,0.032845,8,401.01,1,39,24.23
UNH,2026-08-27,2026-09-04,475.0,C,0.0,4.3,2.15,79.0896,0.083687,0.003276,-0.454568,0.091309,8,401.01,12,94,24.23
UNH,2026-08-27,2026-09-04,480.0,C,0.0,1.95,0.975,69.2386,0.045046,0.002308,-0.245471,0.05632,8,401.01,4,58,24.23
UNH,2026-08-27,2026-09-04,485.0,C,0.0,1.81,0.905,71.2893,0.040811,0.00207,-0.233281,0.052001,8,401.01,20,34,24.23
UNH,2026-08-27,2026-09-04,490.0,C,0.0,4.25,2.125,89.2213,0.07421,0.002651,-0.467697,0.083363,8,401.01,70,72,24.23
UNH,2026-08-27,2026-09-04,495.0,C,0.0,2.64,1.32,83.2765,0.050528,0.002104,-0.323313,0.061744,8,401.01,4,115,24.23
UNH,2026-08-27,2026-09-04,500.0,C,0.0,0.05,0.025,50.0005,0.001681,0.000182,-0.010113,0.003215,8,401.01,66,111,24.23
UNH,2026-08-27,2026-09-04,505.0,C,0.0,1.15,0.575,76.6604,0.02455,0.001265,-0.164687,0.034173,8,401.01,10,49,24.23
UNH,2026-08-27,2026-09-04,510.0,C,0.0,4.2,2.1,101.856,0.06506,0.002098,-0.482022,0.07533,8,401.01,10,63,24.23
UNH,2026-08-27,2026-09-04,520.0,C,0.0,4.2,2.1,107.9594,0.061687,0.001899,-0.489987,0.072271,8,401.01,6,40,24.23
UNH,2026-08-27,2026-09-04,530.0,C,0.0,4.2,2.1,113.8676,0.058757,0.001733,-0.497331,0.06957,8,401.01,20,36,24.23
UNH,2026-08-27,2026-09-04,540.0,C,0.0,4.3,2.15,120.2152,0.057223,0.001608,-0.51411,0.068139,8,401.01,1,4,24.23
UNH,2026-08-27,2026-09-04,550.0,C,0.0,0.09,0.045,72.6565,0.002015,0.000148,-0.017288,0.00379,8,401.01,2,47,24.23
UNH,2026-08-27,2026-09-04,560.0,C,0.0,1.36,0.68,106.5923,0.021068,0.0008,-0.200935,0.03004,8,401.01,2,55,24.23
UNH,2026-08-27,2026-09-04,220.0,P,0.0,0.05,0.025,128.1254,-0.000549,2.5e-05,-0.009189,0.00115,8,401.01,0,17,24.23
UNH,2026-08-27,2026-09-04,225.0,P,0.0,0.04,0.02,121.8754,-0.000488,2.4e-05,-0.007834,0.001031,8,401.01,58,105,24.23
UNH,2026-08-27,2026-09-04,230.0,P,0.0,0.01,0.005,106.2505,-0.000149,9e-06,-0.002256,0.000341,8,401.01,126,132,24.23
UNH,2026-08-27,2026-09-04,235.0,P,0.0,0.02,0.01,106.2505,-0.00025,1.5e-05,-0.003664,0.000553,8,401.01,8,31,24.23
UNH,2026-08-27,2026-09-04,240.0,P,0.0,0.01,0.005,96.875,-0.000128,9e-06,-0.001785,0.000296,8,401.01,10,56,24.23
UNH,2026-08-27,2026-09-04,245.0,P,0.01,0.25,0.13,126.1722,-0.003114,0.000126,-0.044161,0.005617,8,401.01,42,114,24.23
UNH,2026-08-27,2026-09-04,250.0,P,0.0,0.15,0.075,114.4536,-0.002,9.3e-05,-0.02684,0.003764,8,401.01,72,57,24.23
UNH,2026-08-27,2026-09-04,260.0,P,0.01,0.08,0.045,100.0005,-0.001322,7.3e-05,-0.016081,0.002582,8,401.01,80,83,24.23
UNH,2026-08-27,2026-09-04,295.0,P,0.0,4.3,2.15,131.6898,-0.046835,0.001252,-0.476214,0.05811,8,401.01,22,42,24.23
UNH,2026-08-27,2026-09-04,300.0,P,0.0,0.77,0.385,90.9181,-0.012896,0.000616,-0.111598,0.019736,8,401.01,3,28,24.23
UNH,2026-08-27,2026-09-04,305.0,P,0.0,1.1,0.55,91.5528,-0.018181,0.000821,-0.150892,0.026506,8,401.01,45,32,24.23
UNH,2026-08-27,2026-09-04,320.0,P,0.01,0.48,0.245,68.262,-0.010967,0.000713,-0.072698,0.017148,8,401.01,9,263,24.23
UNH,2026-08-27,2026-09-04,325.0,P,0.0,1.91,0.955,81.2502,-0.034838,0.001596,-0.230584,0.045699,8,401.01,73,83,24.23
UNH,2026-08-27,2026-09-04,330.0,P,0.0,0.06,0.03,50.0005,-0.003673,0.00037,-0.020207,0.006515,8,401.01,14,95,24.23
UNH,2026-08-27,2026-09-04,335.0,P,0.0,3.15,1.575,80.0539,-0.056638,0.002395,-0.335759,0.06759,8,401.01,77,147,24.23
UNH,2026-08-27,2026-09-04,340.0,P,0.0,2.9,1.45,73.3645,-0.056908,0.002624,-0.308659,0.067843,8,401.01,38,58,24.23
UNH,2026-08-27,2026-09-04,345.0,P,0.0,0.7,0.35,51.0747,-0.02077,0.001649,-0.093878,0.02968,8,401.01,3,26,24.23
UNH,2026-08-27,2026-09-04,350.0,P,0.07,0.44,0.255,48.8775,-0.026956,0.002145,-0.111766,0.036954,8,401.01,23,76,24.23
UNH,2026-08-27,2026-09-04,352.5,P,0.0,1.44,0.72,51.563,-0.041124,0.002879,-0.166902,0.052324,8,401.01,2,4,24.23
UNH,2026-08-27,2026-09-04,355.0,P,0.14,0.4,0.27,43.8482,-0.027287,0.002416,-0.101178,0.037333,8,401.01,3,48,24.23
UNH,2026-08-27,2026-09-04,357.5,P,0.01,3.2,1.605,57.0683,-0.079093,0.00435,-0.308767,0.087502,8,401.01,1,12,24.23
UNH,2026-08-27,2026-09-04,360.0,P,0.18,0.63,0.405,43.4576,-0.042575,0.003513,-0.14439,0.053813,8,401.01,36,142,24.23
UNH,2026-08-27,2026-09-04,362.5,P,0.0,0.83,0.415,43.8482,-0.054778,0.00426,-0.178129,0.065832,8,401.01,2,6,24.23
UNH,2026-08-27,2026-09-04,365.0,P,0.25,1.52,0.885,48.5113,-0.087351,0.005514,-0.282211,0.094287,8,401.01,3,125,24.23
UNH,2026-08-27,2026-09-04,367.5,P,0.07,0.85,0.46,39.3927,-0.061863,0.005217,-0.175759,0.072432,8,401.01,10,15,24.23
UNH,2026-08-27,2026-09-04,370.0,P,0.31,0.68,0.495,35.0837,-0.055796,0.005402,-0.144151,0.066795,8,401.01,84,201,24.23
UNH,2026-08-27,2026-09-04,372.5,P,0.42,1.2,0.81,37.9889,-0.0879,0.007075,-0.221256,0.094728,8,401.01,34,70,24.23
UNH,2026-08-27,2026-09-04,375.0,P,0.55,1.11,0.83,34.6808,-0.088905,0.007816,-0.203385,0.095535,8,401.01,93,567,24.23
UNH,2026-08-27,2026-09-04,377.5,P,0.14,1.65,0.895,36.3288,-0.12196,0.009381,-0.267664,0.120122,8,401.01,10,384,24.23
UNH,2026-08-27,2026-09-04,380.0,P,0.93,1.51,1.22,32.6179,-0.12398,0.01057,-0.242571,0.121514,8,401.01,46,312,24.23
UNH,2026-08-27,2026-09-04,382.5,P,1.15,1.52,1.335,29.9445,-0.134275,0.012168,-0.234782,0.128424,8,401.01,59,52,24.23
UNH,2026-08-27,2026-09-04,385.0,P,1.46,1.75,1.605,28.614,-0.158159,0.014215,-0.249822,0.143358,8,401.01,285,690,24.23
UNH,2026-08-27,2026-09-04,387.5,P,1.91,2.16,2.035,28.0036,-0.193009,0.01648,-0.27669,0.162663,8,401.01,48,66,24.23
UNH,2026-08-27,2026-09-04,390.0,P,2.41,2.81,2.61,28.1623,-0.239483,0.018572,-0.314518,0.184343,8,401.01,503,338,24.23
UNH,2026-08-27,2026-09-04,392.5,P,3.05,3.5,3.275,27.9304,-0.28809,0.020579,-0.341662,0.202589,8,401.01,630,112,24.23
UNH,2026-08-27,2026-09-04,395.0,P,3.8,4.4,4.1,28.0769,-0.343281,0.022062,-0.368807,0.218326,8,401.01,158,672,24.23
UNH,2026-08-27,2026-09-04,397.5,P,4.7,5.5,5.1,28.4614,-0.401717,0.02289,-0.39167,0.22962,8,401.01,217,157,24.23
UNH,2026-08-27,2026-09-04,400.0,P,5.75,7.15,6.45,30.4694,-0.461606,0.021952,-0.429566,0.235747,8,401.01,37,228,24.23
UNH,2026-08-27,2026-09-04,402.5,P,7.0,8.0,7.5,28.7361,-0.518701,0.023359,-0.403129,0.236585,8,401.01,112,6,24.23
UNH,2026-08-27,2026-09-04,405.0,P,8.3,10.8,9.55,34.3024,-0.561053,0.01936,-0.478045,0.234066,8,401.01,19,62,24.23
UNH,2026-08-27,2026-09-04,407.5,P,9.55,10.8,10.175,27.9914,-0.635771,0.022603,-0.363312,0.222993,8,401.01,3,15,24.23
UNH,2026-08-27,2026-09-04,410.0,P,11.2,12.9,12.05,29.8103,-0.677948,0.02026,-0.367887,0.212873,8,401.01,2,101,24.23
UNH,2026-08-27,2026-09-04,412.5,P,13.05,16.0,14.525,35.8283,-0.688223,0.016627,-0.440725,0.209968,8,401.01,1,2,24.23
UNH,2026-08-27,2026-09-04,415.0,P,14.95,19.0,16.975,41.3458,-0.697216,0.014224,-0.505523,0.207279,8,401.01,2,40,24.23
UNH,2026-08-27,2026-09-04,420.0,P,19.05,21.8,20.425,36.6095,-0.791504,0.013204,-0.355614,0.170378,8,401.01,81,40,24.23
UNH,2026-08-27,2026-09-04,422.5,P,20.85,24.6,22.725,40.9308,-0.793276,0.011751,-0.399087,0.169521,8,401.01,1,6,24.23
UNH,2026-08-27,2026-09-04,425.0,P,22.9,27.9,25.4,47.8765,-0.780206,0.010412,-0.491346,0.175691,8,401.01,2,1,24.23
UNH,2026-08-27,2026-09-04,430.0,P,27.55,33.15,30.35,54.5415,-0.792185,0.008846,-0.544289,0.170049,8,401.01,6,6,24.23
UNH,2026-08-27,2026-09-04,435.0,P,31.65,38.0,34.825,58.8261,-0.810941,0.007746,-0.553886,0.160613,8,401.01,4,0,24.23
UNH,2026-08-27,2026-09-04,445.0,P,44.05,50.0,47.025,62.2684,-0.858642,0.00606,-0.47816,0.133008,8,401.01,3,0,24.23
UNH,2026-08-27,2026-09-04,455.0,P,50.3,57.95,54.125,77.0998,-0.851396,0.005062,-0.622594,0.137561,8,401.01,0,0,24.23
UNH,2026-08-27,2026-09-04,460.0,P,56.4,62.5,59.45,78.3449,-0.868274,0.00459,-0.57917,0.12674,8,401.01,1,0,24.23
UNH,2026-08-27,2026-09-04,490.0,P,85.3,92.95,89.125,55.2739,-0.991766,0.000685,0.003063,0.013347,8,401.01,56,0,24.23
UNH,2026-08-27,2026-09-04,500.0,P,95.3,102.8,99.05,54.688,-0.996258,0.000344,0.027712,0.006626,8,401.01,0,0,24.23
UNH,2026-08-27,2026-09-11,300.0,C,99.15,105.4,102.275,84.131,0.963731,0.001163,-0.210081,0.064676,15,401.01,0,1,24.23
UNH,2026-08-27,2026-09-11,310.0,C,90.0,95.4,92.7,81.1159,0.951225,0.001533,-0.251424,0.082199,15,401.01,1,2,24.23
UNH,2026-08-27,2026-09-11,320.0,C,79.45,85.45,82.45,70.4105,0.951842,0.001749,-0.221194,0.081366,15,401.01,1,1,24.23
UNH,2026-08-27,2026-09-11,330.0,C,69.9,75.5,72.7,65.015,0.940161,0.002249,-0.240166,0.096636,15,401.01,29,28,24.23
UNH,2026-08-27,2026-09-11,340.0,C,60.0,64.55,62.275,53.2842,0.944749,0.002577,-0.193171,0.090757,15,401.01,18,18,24.23
UNH,2026-08-27,2026-09-11,345.0,C,55.25,60.65,57.95,55.1274,0.921557,0.003268,-0.250278,0.11907,15,401.01,1,2,24.23
UNH,2026-08-27,2026-09-11,350.0,C,49.6,55.7,52.65,67.3099,0.85913,0.004085,-0.436874,0.181702,15,401.01,1,2,24.23
UNH,2026-08-27,2026-09-11,360.0,C,40.45,44.15,42.3,50.0859,0.870386,0.005185,-0.317327,0.171618,15,401.01,0,10,24.23
UNH,2026-08-27,2026-09-11,370.0,C,30.8,36.45,33.625,51.3433,0.799509,0.006717,-0.418806,0.227926,15,401.01,2,1,24.23
UNH,2026-08-27,2026-09-11,375.0,C,26.0,30.55,28.275,42.6764,0.798401,0.008108,-0.354576,0.22868,15,401.01,0,1,24.23
UNH,2026-08-27,2026-09-11,380.0,C,22.55,25.65,24.1,38.0866,0.774949,0.009688,-0.338379,0.24384,15,401.01,1,18,24.23
UNH,2026-08-27,2026-09-11,385.0,C,18.7,23.55,21.125,43.0487,0.701209,0.009917,-0.430897,0.282134,15,401.01,26,42,24.23
UNH,2026-08-27,2026-09-11,390.0,C,14.55,16.65,15.6,30.9272,0.691314,0.014006,-0.321446,0.286266,15,401.01,2,64,24.23
UNH,2026-08-27,2026-09-11,395.0,C,11.8,13.65,12.725,31.1958,0.615766,0.015064,-0.34652,0.310561,15,401.01,23,52,24.23
UNH,2026-08-27,2026-09-11,397.5,C,10.35,11.9,11.125,30.1338,0.57898,0.015965,-0.341622,0.317937,15,401.01,6,25,24.23
UNH,2026-08-27,2026-09-11,400.0,C,9.35,10.3,9.825,29.2549,0.538933,0.016695,-0.335558,0.322768,15,401.01,15,144,24.23
UNH,2026-08-27,2026-09-11,402.5,C,8.05,9.05,8.55,29.1389,0.496977,0.016841,-0.33423,0.324304,15,401.01,13,23,24.23
UNH,2026-08-27,2026-09-11,405.0,C,6.75,8.25,7.5,30.0666,0.457363,0.016229,-0.340888,0.322459,15,401.01,153,161,24.23
UNH,2026-08-27,2026-09-11,407.5,C,5.8,7.5,6.65,30.8784,0.420369,0.015575,-0.343428,0.317831,15,401.01,13,83,24.23
UNH,2026-08-27,2026-09-11,410.0,C,5.05,5.85,5.45,28.6079,0.371778,0.01626,-0.307637,0.307414,15,401.01,42,419,24.23
UNH,2026-08-27,2026-09-11,412.5,C,4.3,5.0,4.65,28.4919,0.332158,0.015676,-0.2933,0.295169,15,401.01,16,71,24.23
UNH,2026-08-27,2026-09-11,415.0,C,3.55,4.4,3.975,28.9253,0.298183,0.014746,-0.283427,0.281872,15,401.01,599,265,24.23
UNH,2026-08-27,2026-09-11,420.0,C,2.57,3.05,2.81,28.4065,0.227128,0.013057,-0.240999,0.245109,15,401.01,53,202,24.23
UNH,2026-08-27,2026-09-11,425.0,C,1.72,2.02,1.87,27.8572,0.165082,0.010965,-0.19394,0.201862,15,401.01,31,143,24.23
UNH,2026-08-27,2026-09-11,430.0,C,1.17,1.48,1.325,28.5041,0.124498,0.008859,-0.16346,0.166875,15,401.01,40,345,24.23
UNH,2026-08-27,2026-09-11,435.0,C,0.73,1.1,0.915,29.2854,0.09422,0.007056,-0.137031,0.136568,15,401.01,17,100,24.23
UNH,2026-08-27,2026-09-11,440.0,C,0.53,0.81,0.67,29.969,0.070516,0.005542,-0.112439,0.109769,15,401.01,35,121,24.23
UNH,2026-08-27,2026-09-11,445.0,C,0.41,0.73,0.57,31.9709,0.060547,0.004616,-0.106324,0.097529,15,401.01,25,43,24.23
UNH,2026-08-27,2026-09-11,450.0,C,0.16,0.75,0.455,34.7907,0.057341,0.004065,-0.110634,0.093454,15,401.01,69,36,24.23
UNH,2026-08-27,2026-09-11,455.0,C,0.0,1.92,0.96,46.6192,0.101469,0.00468,-0.228009,0.144194,15,401.01,1,22,24.23
UNH,2026-08-27,2026-09-11,460.0,C,0.0,1.8,0.9,48.6577,0.092315,0.004183,-0.221762,0.134522,15,401.01,3,34,24.23
UNH,2026-08-27,2026-09-11,465.0,C,0.0,0.49,0.245,39.0387,0.034991,0.002434,-0.0831,0.062802,15,401.01,1,27,24.23
UNH,2026-08-27,2026-09-11,470.0,C,0.0,1.05,0.525,47.8765,0.058037,0.002982,-0.152822,0.094345,15,401.01,1,43,24.23
UNH,2026-08-27,2026-09-11,475.0,C,0.0,2.4,1.2,51.7705,0.060992,0.002867,-0.171636,0.098089,15,401.01,20,24,24.23
UNH,2026-08-27,2026-09-11,480.0,C,0.0,2.4,1.2,54.2119,0.058523,0.002651,-0.173871,0.094964,15,401.01,10,17,24.23
UNH,2026-08-27,2026-09-11,485.0,C,0.0,2.31,1.155,56.1528,0.054767,0.002429,-0.170817,0.090129,15,401.01,20,22,24.23
UNH,2026-08-27,2026-09-11,490.0,C,0.0,1.9,0.95,56.2504,0.045777,0.002102,-0.148254,0.078123,15,401.01,0,93,24.23
UNH,2026-08-27,2026-09-11,495.0,C,0.0,1.74,0.87,57.52,0.041411,0.001895,-0.139751,0.072052,15,401.01,14,25,24.23
UNH,2026-08-27,2026-09-11,500.0,C,0.0,0.36,0.18,51.4653,0.020283,0.001171,-0.069126,0.039833,15,401.01,56,71,24.23
UNH,2026-08-27,2026-09-11,505.0,C,0.0,1.94,0.97,63.0863,0.042075,0.001751,-0.155102,0.072986,15,401.01,10,48,24.23
UNH,2026-08-27,2026-09-11,510.0,C,0.0,2.34,1.17,67.5784,0.046927,0.001785,-0.181323,0.079696,15,401.01,10,46,24.23
UNH,2026-08-27,2026-09-11,520.0,C,0.0,1.95,0.975,69.4095,0.038736,0.001488,-0.159384,0.068246,15,401.01,3,47,24.23
UNH,2026-08-27,2026-09-11,530.0,C,0.0,0.05,0.025,49.2193,0.003166,0.00024,-0.012935,0.007808,15,401.01,0,46,24.23
UNH,2026-08-27,2026-09-11,540.0,C,0.0,0.66,0.33,65.2347,0.014903,0.00071,-0.067149,0.030615,15,401.01,0,5,24.23
UNH,2026-08-27,2026-09-11,560.0,C,0.0,0.45,0.225,68.3597,0.009914,0.000476,-0.049384,0.021504,15,401.01,0,1,24.23
UNH,2026-08-27,2026-09-11,285.0,P,0.0,1.9,0.95,91.2843,-0.02582,0.000809,-0.147404,0.048813,15,401.01,1,1,24.23
UNH,2026-08-27,2026-09-11,300.0,P,0.0,2.4,1.2,83.2521,-0.034924,0.00114,-0.17249,0.062703,15,401.01,0,1,24.23
UNH,2026-08-27,2026-09-11,315.0,P,0.0,1.0,0.5,60.7182,-0.020917,0.001019,-0.08186,0.040885,15,401.01,10,1,24.23
UNH,2026-08-27,2026-09-11,320.0,P,0.0,1.05,0.525,57.8129,-0.022911,0.001156,-0.084115,0.044153,15,401.01,1,15,24.23
UNH,2026-08-27,2026-09-11,330.0,P,0.01,1.02,0.515,50.9282,-0.025348,0.001428,-0.080528,0.048066,15,401.01,1,10,24.23
UNH,2026-08-27,2026-09-11,335.0,P,0.0,1.84,0.92,53.2475,-0.04144,0.002049,-0.126203,0.072093,15,401.01,1,5,24.23
UNH,2026-08-27,2026-09-11,340.0,P,0.01,0.53,0.27,44.5318,-0.02937,0.001847,-0.079441,0.054349,15,401.01,80,18,24.23
UNH,2026-08-27,2026-09-11,345.0,P,0.01,1.04,0.525,47.3882,-0.051567,0.002744,-0.133555,0.085928,15,401.01,5,15,24.23
UNH,2026-08-27,2026-09-11,350.0,P,0.01,1.7,0.855,49.3657,-0.077121,0.003603,-0.190149,0.117544,15,401.01,1,17,24.23
UNH,2026-08-27,2026-09-11,355.0,P,0.29,0.59,0.44,35.4743,-0.039914,0.002983,-0.081025,0.06993,15,401.01,25,40,24.23
UNH,2026-08-27,2026-09-11,360.0,P,0.38,0.71,0.545,33.4479,-0.049747,0.003778,-0.091026,0.083504,15,401.01,94,73,24.23
UNH,2026-08-27,2026-09-11,365.0,P,0.57,0.79,0.68,30.7746,-0.058949,0.004696,-0.095517,0.095506,15,401.01,111,126,24.23
UNH,2026-08-27,2026-09-11,367.5,P,0.64,1.19,0.915,32.1906,-0.081797,0.005777,-0.128457,0.1229,15,401.01,7,7,24.23
UNH,2026-08-27,2026-09-11,370.0,P,0.82,1.39,1.105,31.6535,-0.095103,0.006574,-0.141115,0.13751,15,401.01,11,84,24.23
UNH,2026-08-27,2026-09-11,372.5,P,1.13,1.49,1.31,30.3352,-0.1048,0.007363,-0.144889,0.147616,15,401.01,23,9,24.23
UNH,2026-08-27,2026-09-11,375.0,P,1.3,1.67,1.485,29.3952,-0.118881,0.008316,-0.153327,0.161548,15,401.01,39,226,24.23
UNH,2026-08-27,2026-09-11,377.5,P,1.69,2.02,1.855,29.1755,-0.140807,0.009421,-0.17077,0.181648,15,401.01,2,157,24.23
UNH,2026-08-27,2026-09-11,380.0,P,1.97,2.42,2.195,28.907,-0.165148,0.01057,-0.187648,0.201914,15,401.01,46,223,24.23
UNH,2026-08-27,2026-09-11,382.5,P,2.33,2.92,2.625,28.7971,-0.193607,0.011726,-0.206099,0.223157,15,401.01,4,70,24.23
UNH,2026-08-27,2026-09-11,385.0,P,2.9,3.5,3.2,28.6994,-0.22499,0.012855,-0.223796,0.243802,15,401.01,40,252,24.23
UNH,2026-08-27,2026-09-11,387.5,P,3.5,4.65,4.075,30.3291,-0.270004,0.013411,-0.260372,0.268795,15,401.01,244,43,24.23
UNH,2026-08-27,2026-09-11,390.0,P,4.1,5.75,4.925,31.2934,-0.310488,0.013877,-0.286249,0.286994,15,401.01,9,236,24.23
UNH,2026-08-27,2026-09-11,392.5,P,4.9,5.75,5.325,28.3699,-0.334293,0.015784,-0.265754,0.295917,15,401.01,153,218,24.23
UNH,2026-08-27,2026-09-11,395.0,P,5.6,7.3,6.45,30.146,-0.381148,0.015551,-0.295186,0.309812,15,401.01,49,98,24.23
UNH,2026-08-27,2026-09-11,397.5,P,6.75,8.0,7.375,28.9558,-0.418804,0.016596,-0.288789,0.317573,15,401.01,49,115,24.23
UNH,2026-08-27,2026-09-11,400.0,P,7.8,9.0,8.4,28.3943,-0.460594,0.017199,-0.285934,0.32273,15,401.01,8,132,24.23
UNH,2026-08-27,2026-09-11,405.0,P,9.6,11.35,10.475,27.3933,-0.549031,0.017779,-0.270553,0.321861,15,401.01,28,28,24.23
UNH,2026-08-27,2026-09-11,410.0,P,13.15,14.4,13.775,27.2163,-0.635617,0.016979,-0.249897,0.305389,15,401.01,2,134,24.23
UNH,2026-08-27,2026-09-11,415.0,P,16.4,18.25,17.325,28.4492,-0.705219,0.014914,-0.235537,0.280394,15,401.01,8,25,24.23
UNH,2026-08-27,2026-09-11,420.0,P,20.2,22.25,21.225,29.2365,-0.765907,0.012902,-0.209712,0.249281,15,401.01,11,81,24.23
UNH,2026-08-27,2026-09-11,425.0,P,24.45,27.9,26.175,35.9076,-0.770644,0.010386,-0.261009,0.246458,15,401.01,10,30,24.23
UNH,2026-08-27,2026-09-11,430.0,P,28.35,31.6,29.975,34.2658,-0.828501,0.009136,-0.199588,0.206875,15,401.01,6,7,24.23
UNH,2026-08-27,2026-09-11,435.0,P,32.25,38.35,35.3,45.5877,-0.793249,0.007705,-0.316816,0.232143,15,401.01,1,4,24.23
UNH,2026-08-27,2026-09-11,440.0,P,36.6,42.7,39.65,46.4605,-0.821729,0.006905,-0.290815,0.212022,15,401.01,8,0,24.23
UNH,2026-08-27,2026-09-11,445.0,P,40.35,46.5,43.425,43.9825,-0.865597,0.006054,-0.218275,0.175967,15,401.01,2,0,24.23
UNH,2026-08-27,2026-09-11,450.0,P,46.5,53.0,49.75,54.7551,-0.833784,0.005603,-0.331003,0.202757,15,401.01,1,0,24.23
UNH,2026-08-27,2026-09-18,125.0,C,289.0,299.0,294.0,450.7573,0.946156,0.000246,-1.111995,0.107694,22,401.01,10,1,24.23
UNH,2026-08-27,2026-09-18,140.0,C,275.0,284.95,279.975,418.6528,0.938212,0.000296,-1.151627,0.120002,22,401.01,35,0,24.23
UNH,2026-08-27,2026-09-18,145.0,C,270.0,279.95,274.975,406.2505,0.935851,0.000314,-1.151048,0.123559,22,401.01,30,1,24.23
UNH,2026-08-27,2026-09-18,150.0,C,246.3,256.0,251.15,151.3674,0.99773,4.8e-05,-0.039118,0.007003,22,401.01,6,11,24.23
UNH,2026-08-27,2026-09-18,155.0,C,260.0,269.95,264.975,382.9346,0.931032,0.000352,-1.148399,0.130684,22,401.01,220,0,24.23
UNH,2026-08-27,2026-09-18,160.0,C,238.0,245.55,241.775,176.465,0.990424,0.000148,-0.11701,0.025264,22,401.01,5,6,24.23
UNH,2026-08-27,2026-09-18,165.0,C,250.0,257.6,253.8,353.1129,0.927908,0.000395,-1.097151,0.135211,22,401.01,1200,0,24.23
UNH,2026-08-27,2026-09-18,170.0,C,238.55,247.0,242.775,298.9382,0.938136,0.000415,-0.829617,0.120116,22,401.01,2,0,24.23
UNH,2026-08-27,2026-09-18,175.0,C,227.35,235.3,231.325,233.1547,0.958956,0.000383,-0.474564,0.086632,22,401.01,1,46,24.23
UNH,2026-08-27,2026-09-18,180.0,C,216.95,225.6,221.275,134.3753,0.995336,0.000103,-0.058809,0.01338,22,401.01,5,6,24.23
UNH,2026-08-27,2026-09-18,185.0,C,205.8,213.3,209.55,0.001,1.0,0.0,-0.018661,0.0,22,401.01,2,13,24.23
UNH,2026-08-27,2026-09-18,190.0,C,204.9,213.9,209.4,185.3516,0.969528,0.000378,-0.303536,0.06786,22,401.01,1,31,24.23
UNH,2026-08-27,2026-09-18,195.0,C,199.0,208.95,203.975,180.3468,0.968186,0.000402,-0.306357,0.070323,22,401.01,1,49,24.23
UNH,2026-08-27,2026-09-18,200.0,C,199.1,205.45,202.275,148.6331,0.981914,0.000304,-0.167154,0.04376,22,401.01,1,274,24.23
UNH,2026-08-27,2026-09-18,210.0,C,184.05,194.0,189.025,164.7707,0.964609,0.000481,-0.306968,0.07677,22,401.01,8,62,24.23
UNH,2026-08-27,2026-09-18,220.0,C,179.15,185.4,182.275,130.4691,0.979394,0.000387,-0.166213,0.048889,22,401.01,3,102,24.23
UNH,2026-08-27,2026-09-18,230.0,C,165.55,171.05,168.3,77.7346,0.998736,5.5e-05,-0.030405,0.004109,22,401.01,1,221,24.23
UNH,2026-08-27,2026-09-18,240.0,C,157.9,165.25,161.575,99.5117,0.987208,0.000337,-0.097144,0.032499,22,401.01,1,183,24.23
UNH,2026-08-27,2026-09-18,250.0,C,149.25,155.2,152.225,105.1274,0.975494,0.000555,-0.159315,0.056585,22,401.01,1,346,24.23
UNH,2026-08-27,2026-09-18,260.0,C,137.6,145.7,141.65,87.3536,0.983744,0.000472,-0.104822,0.039948,22,401.01,8,289,24.23
UNH,2026-08-27,2026-09-18,270.0,C,129.4,135.75,132.575,94.8243,0.966008,0.000808,-0.185777,0.074269,22,401.01,15,351,24.23
UNH,2026-08-27,2026-09-18,280.0,C,118.75,125.9,122.325,84.4728,0.967585,0.000872,-0.163926,0.071418,22,401.01,10,1230,24.23
UNH,2026-08-27,2026-09-18,290.0,C,110.55,115.8,113.175,86.194,0.950315,0.001209,-0.224954,0.101028,22,401.01,1,782,24.23
UNH,2026-08-27,2026-09-18,300.0,C,100.95,104.0,102.475,72.3147,0.958709,0.001242,-0.171534,0.087055,22,401.01,1,1494,24.23
UNH,2026-08-27,2026-09-18,310.0,C,87.75,95.6,91.675,56.1528,0.974548,0.001073,-0.104725,0.058411,22,401.01,1,980,24.23
UNH,2026-08-27,2026-09-18,320.0,C,78.55,86.0,82.275,57.0805,0.955082,0.001684,-0.151231,0.093182,22,401.01,6,1544,24.23
UNH,2026-08-27,2026-09-18,330.0,C,69.25,74.1,71.675,63.4403,0.910441,0.002591,-0.25905,0.159293,22,401.01,2,1792,24.23
UNH,2026-08-27,2026-09-18,340.0,C,58.5,64.95,61.725,60.474,0.885093,0.003258,-0.291771,0.190986,22,401.01,4,1487,24.23
UNH,2026-08-27,2026-09-18,350.0,C,50.4,55.05,52.725,53.2964,0.869114,0.004051,-0.283089,0.209249,22,401.01,4,1884,24.23
UNH,2026-08-27,2026-09-18,360.0,C,40.05,44.15,42.1,41.773,0.869685,0.005152,-0.228806,0.208618,22,401.01,6,2512,24.23
UNH,2026-08-27,2026-09-18,367.5,C,33.95,37.35,35.65,39.0265,0.836922,0.006412,-0.245231,0.242538,22,401.01,1,1,24.23
UNH,2026-08-27,2026-09-18,370.0,C,31.6,34.45,33.025,35.5475,0.839239,0.006974,-0.22462,0.240287,22,401.01,22,1264,24.23
UNH,2026-08-27,2026-09-18,377.5,C,24.4,30.0,27.2,39.7589,0.755071,0.00803,-0.307165,0.309447,22,401.01,2,1,24.23
UNH,2026-08-27,2026-09-18,380.0,C,23.85,25.45,24.65,31.1225,0.779831,0.009668,-0.235281,0.291635,22,401.01,11,2029,24.23
UNH,2026-08-27,2026-09-18,385.0,C,19.4,23.05,21.225,34.4855,0.708782,0.010102,-0.29102,0.337663,22,401.01,7,3,24.23
UNH,2026-08-27,2026-09-18,390.0,C,15.85,17.9,16.875,29.2182,0.675436,0.012505,-0.260711,0.354145,22,401.01,77,2512,24.23
UNH,2026-08-27,2026-09-18,392.5,C,15.05,16.2,15.625,28.8093,0.644338,0.013135,-0.264598,0.366767,22,401.01,1,1,24.23
UNH,2026-08-27,2026-09-18,395.0,C,13.45,14.65,14.05,28.5896,0.610999,0.013621,-0.268523,0.37746,22,401.01,2,55,24.23
UNH,2026-08-27,2026-09-18,397.5,C,12.05,12.85,12.45,27.5276,0.578002,0.014438,-0.26312,0.385231,22,401.01,23,85,24.23
UNH,2026-08-27,2026-09-18,400.0,C,10.45,11.45,10.95,27.2712,0.541559,0.014778,-0.262889,0.39063,22,401.01,351,3990,24.23
UNH,2026-08-27,2026-09-18,402.5,C,9.6,10.15,9.875,27.0393,0.50432,0.014985,-0.260751,0.39274,22,401.01,43,43,24.23
UNH,2026-08-27,2026-09-18,405.0,C,8.35,9.05,8.7,27.082,0.467239,0.014912,-0.258942,0.391438,22,401.01,122,80,24.23
UNH,2026-08-27,2026-09-18,407.5,C,7.6,9.45,8.525,30.7014,0.442038,0.013059,-0.288111,0.38861,22,401.01,9,10,24.23
UNH,2026-08-27,2026-09-18,410.0,C,6.5,6.95,6.725,26.7402,0.393191,0.014607,-0.245315,0.378601,22,401.01,503,2418,24.23
UNH,2026-08-27,2026-09-18,412.5,C,5.45,6.35,5.9,27.4177,0.36205,0.013887,-0.243988,0.369041,22,401.01,7,14,24.23
UNH,2026-08-27,2026-09-18,415.0,C,4.25,5.35,4.8,26.8135,0.324833,0.013631,-0.22851,0.354265,22,401.01,51,85,24.23
UNH,2026-08-27,2026-09-18,420.0,C,3.7,4.0,3.85,26.7158,0.261503,0.012369,-0.204667,0.320289,22,401.01,379,2728,24.23
UNH,2026-08-27,2026-09-18,425.0,C,2.29,3.05,2.67,27.0454,0.20944,0.010807,-0.182312,0.283292,22,401.01,127,157,24.23
UNH,2026-08-27,2026-09-18,430.0,C,2.06,2.2,2.13,26.9416,0.161439,0.009227,-0.153858,0.240947,22,401.01,803,3172,24.23
UNH,2026-08-27,2026-09-18,435.0,C,1.42,1.64,1.53,27.259,0.125273,0.007682,-0.130661,0.202974,22,401.01,104,50,24.23
UNH,2026-08-27,2026-09-18,440.0,C,1.08,1.26,1.17,27.845,0.098421,0.006328,-0.111941,0.17078,22,401.01,135,2554,24.23
UNH,2026-08-27,2026-09-18,450.0,C,0.62,0.7,0.66,28.6018,0.057668,0.004101,-0.07617,0.113685,22,401.01,285,4845,24.23
UNH,2026-08-27,2026-09-18,460.0,C,0.16,0.51,0.335,30.8601,0.040564,0.002869,-0.061779,0.085809,22,401.01,46,1871,24.23
UNH,2026-08-27,2026-09-18,470.0,C,0.05,0.4,0.225,33.277,0.030395,0.0021,-0.052409,0.067718,22,401.01,13,1804,24.23
UNH,2026-08-27,2026-09-18,480.0,C,0.01,0.2,0.105,33.155,0.016142,0.001236,-0.030556,0.039707,22,401.01,12,1732,24.23
UNH,2026-08-27,2026-09-18,490.0,C,0.05,0.46,0.255,41.2115,0.028176,0.001592,-0.060657,0.063587,22,401.01,6,1459,24.23
UNH,2026-08-27,2026-09-18,500.0,C,0.05,0.25,0.15,40.6744,0.016294,0.001015,-0.037639,0.040026,22,401.01,33,3408,24.23
UNH,2026-08-27,2026-09-18,510.0,C,0.0,0.31,0.155,45.1177,0.018082,0.001,-0.045569,0.043752,22,401.01,2,179,24.23
UNH,2026-08-27,2026-09-18,520.0,C,0.0,0.37,0.185,49.3902,0.019512,0.000975,-0.053154,0.046678,22,401.01,5,874,24.23
UNH,2026-08-27,2026-09-18,530.0,C,0.0,0.22,0.11,48.7798,0.012214,0.00066,-0.035092,0.031225,22,401.01,10,5,24.23
UNH,2026-08-27,2026-09-18,540.0,C,0.01,0.03,0.02,41.4068,0.002154,0.000166,-0.006369,0.006678,22,401.01,2,398,24.23
UNH,2026-08-27,2026-09-18,560.0,C,0.0,0.03,0.015,45.899,0.001942,0.000137,-0.006415,0.006077,22,401.01,5,1264,24.23
UNH,2026-08-27,2026-09-18,125.0,P,0.0,0.01,0.005,134.3753,-0.000106,3e-06,-0.001249,0.00041,22,401.01,1,105,24.23
UNH,2026-08-27,2026-09-18,130.0,P,0.0,0.02,0.01,135.9378,-0.000193,5e-06,-0.002226,0.000723,22,401.01,6,10,24.23
UNH,2026-08-27,2026-09-18,135.0,P,0.0,0.02,0.01,131.2503,-0.000195,6e-06,-0.002165,0.000729,22,401.01,20,53,24.23
UNH,2026-08-27,2026-09-18,140.0,P,0.0,0.04,0.02,134.3753,-0.000388,1.1e-05,-0.004202,0.001381,22,401.01,34,1131,24.23
UNH,2026-08-27,2026-09-18,145.0,P,0.01,0.04,0.025,132.8128,-0.000502,1.4e-05,-0.005275,0.001755,22,401.01,42,1237,24.23
UNH,2026-08-27,2026-09-18,150.0,P,0.0,0.06,0.03,130.4691,-0.000604,1.6e-05,-0.00615,0.002083,22,401.01,232,1986,24.23
UNH,2026-08-27,2026-09-18,155.0,P,0.01,0.09,0.05,132.0316,-0.000963,2.5e-05,-0.009565,0.003202,22,401.01,20,2388,24.23
UNH,2026-08-27,2026-09-18,160.0,P,0.01,0.05,0.03,122.266,-0.000644,1.9e-05,-0.006119,0.002212,22,401.01,10,1988,24.23
UNH,2026-08-27,2026-09-18,165.0,P,0.0,0.13,0.065,126.9535,-0.001297,3.4e-05,-0.012079,0.004206,22,401.01,20,1491,24.23
UNH,2026-08-27,2026-09-18,170.0,P,0.01,0.14,0.075,124.6098,-0.001511,4e-05,-0.013631,0.004837,22,401.01,68,2775,24.23
UNH,2026-08-27,2026-09-18,175.0,P,0.01,0.1,0.055,117.1879,-0.001208,3.5e-05,-0.010444,0.003941,22,401.01,103,2260,24.23
UNH,2026-08-27,2026-09-18,180.0,P,0.0,0.15,0.075,116.7973,-0.001617,4.5e-05,-0.013582,0.005144,22,401.01,8,3405,24.23
UNH,2026-08-27,2026-09-18,185.0,P,0.0,4.3,2.15,180.1026,-0.024091,0.00032,-0.227151,0.055779,22,401.01,14,1857,24.23
UNH,2026-08-27,2026-09-18,190.0,P,0.01,0.23,0.12,115.0395,-0.002604,7.1e-05,-0.020613,0.007928,22,401.01,73,3222,24.23
UNH,2026-08-27,2026-09-18,195.0,P,0.01,0.08,0.045,100.7817,-0.001157,3.9e-05,-0.008629,0.003789,22,401.01,66,4625,24.23
UNH,2026-08-27,2026-09-18,200.0,P,0.0,0.1,0.05,98.4375,-0.001312,4.5e-05,-0.009455,0.004252,22,401.01,55,8086,24.23
UNH,2026-08-27,2026-09-18,210.0,P,0.0,0.85,0.425,117.5785,-0.008356,0.000197,-0.059542,0.022422,22,401.01,58,843,24.23
UNH,2026-08-27,2026-09-18,220.0,P,0.0,0.15,0.075,89.2579,-0.002122,7.6e-05,-0.013271,0.006587,22,401.01,1,2499,24.23
UNH,2026-08-27,2026-09-18,230.0,P,0.02,0.19,0.105,86.133,-0.003025,0.000109,-0.017632,0.009074,22,401.01,108,2883,24.23
UNH,2026-08-27,2026-09-18,240.0,P,0.01,0.46,0.235,88.0861,-0.006348,0.000206,-0.034951,0.017597,22,401.01,117,3695,24.23
UNH,2026-08-27,2026-09-18,250.0,P,0.0,1.6,0.8,97.7783,-0.017965,0.000459,-0.095894,0.043511,22,401.01,1,5108,24.23
UNH,2026-08-27,2026-09-18,260.0,P,0.01,0.25,0.13,70.3128,-0.004536,0.000192,-0.020663,0.013052,22,401.01,2,1544,24.23
UNH,2026-08-27,2026-09-18,270.0,P,0.0,1.55,0.775,83.3254,-0.020339,0.000599,-0.090677,0.048353,22,401.01,9,2759,24.23
UNH,2026-08-27,2026-09-18,280.0,P,0.01,0.32,0.165,61.0355,-0.006444,0.000301,-0.024461,0.017832,22,401.01,9,3076,24.23
UNH,2026-08-27,2026-09-18,290.0,P,0.01,0.55,0.28,59.766,-0.010799,0.000484,-0.037649,0.028057,22,401.01,8,1516,24.23
UNH,2026-08-27,2026-09-18,300.0,P,0.08,0.45,0.265,53.8091,-0.011314,0.00056,-0.035252,0.029219,22,401.01,3,4961,24.23
UNH,2026-08-27,2026-09-18,310.0,P,0.17,0.49,0.33,50.0493,-0.014835,0.000761,-0.04138,0.036931,22,401.01,87,2441,24.23
UNH,2026-08-27,2026-09-18,320.0,P,0.15,0.48,0.315,47.4859,-0.022054,0.001125,-0.054948,0.05178,22,401.01,27,1900,24.23
UNH,2026-08-27,2026-09-18,330.0,P,0.16,0.59,0.375,43.5308,-0.028856,0.001537,-0.062949,0.064861,22,401.01,29,1930,24.23
UNH,2026-08-27,2026-09-18,340.0,P,0.37,0.53,0.45,37.1588,-0.030115,0.001866,-0.055487,0.067202,22,401.01,31,2429,24.23
UNH,2026-08-27,2026-09-18,345.0,P,0.41,0.81,0.61,37.4274,-0.043874,0.00252,-0.075927,0.091433,22,401.01,12,359,24.23
UNH,2026-08-27,2026-09-18,350.0,P,0.58,0.8,0.69,34.4489,-0.046746,0.002882,-0.073367,0.096217,22,401.01,191,2498,24.23
UNH,2026-08-27,2026-09-18,355.0,P,0.77,1.17,0.97,34.4367,-0.065515,0.003763,-0.095542,0.125597,22,401.01,16,28,24.23
UNH,2026-08-27,2026-09-18,360.0,P,1.05,1.41,1.23,32.9108,-0.080289,0.004601,-0.106397,0.146764,22,401.01,59,4517,24.23
UNH,2026-08-27,2026-09-18,365.0,P,1.46,1.82,1.64,31.9648,-0.102661,0.005684,-0.123622,0.176118,22,401.01,4,119,24.23
UNH,2026-08-27,2026-09-18,367.5,P,1.67,2.07,1.87,31.5192,-0.116019,0.006294,-0.132865,0.192298,22,401.01,91,25,24.23
UNH,2026-08-27,2026-09-18,370.0,P,2.02,2.21,2.115,30.4328,-0.126243,0.006918,-0.135831,0.204069,22,401.01,917,4097,24.23
UNH,2026-08-27,2026-09-18,372.5,P,1.9,3.25,2.575,32.923,-0.163457,0.007612,-0.174832,0.242904,22,401.01,3,4,24.23
UNH,2026-08-27,2026-09-18,375.0,P,2.73,3.8,3.265,33.0207,-0.185346,0.00822,-0.189589,0.2631,22,401.01,42,35,24.23
UNH,2026-08-27,2026-09-18,377.5,P,3.15,4.35,3.75,32.9047,-0.207308,0.008829,-0.201778,0.281588,22,401.01,9,152,24.23
UNH,2026-08-27,2026-09-18,380.0,P,3.7,4.45,4.075,31.1591,-0.220411,0.009662,-0.197312,0.291819,22,401.01,137,3048,24.23
UNH,2026-08-27,2026-09-18,382.5,P,4.2,5.25,4.725,31.5314,-0.248915,0.010213,-0.213106,0.312132,22,401.01,6,6,24.23
UNH,2026-08-27,2026-09-18,385.0,P,4.9,6.3,5.6,32.3737,-0.280841,0.010577,-0.232224,0.331891,22,401.01,148,32,24.23
UNH,2026-08-27,2026-09-18,387.5,P,5.65,6.75,6.2,31.2873,-0.303794,0.011352,-0.23184,0.344245,22,401.01,3,26,24.23
UNH,2026-08-27,2026-09-18,390.0,P,6.5,7.7,7.1,31.4155,-0.334196,0.011768,-0.241576,0.358332,22,401.01,117,2761,24.23
UNH,2026-08-27,2026-09-18,392.5,P,7.4,7.95,7.675,29.499,-0.358265,0.01286,-0.231253,0.367706,22,401.01,4,27,24.23
UNH,2026-08-27,2026-09-18,395.0,P,8.3,9.0,8.65,29.5173,-0.391542,0.013218,-0.236966,0.378157,22,401.01,12,26,24.23
UNH,2026-08-27,2026-09-18,397.5,P,9.35,10.15,9.75,29.5783,-0.425437,0.01346,-0.241197,0.385883,22,401.01,1,16,24.23
UNH,2026-08-27,2026-09-18,400.0,P,10.5,11.25,10.875,29.3006,-0.459401,0.013758,-0.240503,0.390727,22,401.01,632,3179,24.23
UNH,2026-08-27,2026-09-18,402.5,P,11.85,12.55,12.2,29.3159,-0.493873,0.013821,-0.240438,0.392716,22,401.01,4,5,24.23
UNH,2026-08-27,2026-09-18,405.0,P,13.1,15.05,14.075,32.1174,-0.523098,0.012596,-0.263564,0.392104,22,401.01,4,2,24.23
UNH,2026-08-27,2026-09-18,410.0,P,16.15,19.2,17.675,35.1233,-0.574641,0.011335,-0.282872,0.385868,22,401.01,161,1560,24.23
UNH,2026-08-27,2026-09-18,412.5,P,17.85,19.4,18.625,31.5498,-0.616871,0.012289,-0.242571,0.375786,22,401.01,5,5,24.23
UNH,2026-08-27,2026-09-18,420.0,P,23.25,26.3,24.775,36.3227,-0.6734,0.010085,-0.263237,0.355051,22,401.01,1,1178,24.23
UNH,2026-08-27,2026-09-18,430.0,P,31.5,36.3,33.9,43.9276,-0.716564,0.00783,-0.300201,0.333363,22,401.01,6,778,24.23
UNH,2026-08-27,2026-09-18,440.0,P,40.45,43.6,42.025,42.0111,-0.795739,0.006855,-0.229947,0.279124,22,401.01,21,129,24.23
UNH,2026-08-27,2026-09-18,450.0,P,48.65,54.4,51.525,50.8611,-0.800335,0.005585,-0.280453,0.275347,22,401.01,1,492,24.23
UNH,2026-08-27,2026-09-18,460.0,P,58.2,64.6,61.4,57.3307,-0.812965,0.004761,-0.305377,0.264583,22,401.01,1,32,24.23
UNH,2026-08-27,2026-09-18,470.0,P,68.0,74.9,71.45,63.9286,-0.820901,0.004156,-0.333436,0.257522,22,401.01,16,13,24.23
UNH,2026-08-27,2026-09-18,480.0,P,76.7,84.55,80.625,67.7799,-0.837425,0.003684,-0.330502,0.242051,22,401.01,10,16,24.23
UNH,2026-08-27,2026-09-18,490.0,P,86.65,94.5,90.575,52.1977,-0.930899,0.002587,-0.108488,0.130879,22,401.01,3,6,24.23
UNH,2026-08-27,2026-09-18,500.0,P,96.6,104.45,100.525,55.7622,-0.936601,0.002265,-0.107151,0.122433,22,401.01,1,4,24.23
UNH,2026-08-27,2026-09-18,520.0,P,119.55,126.1,122.825,78.052,-0.894092,0.002381,-0.271024,0.180138,22,401.01,4,2,24.23
UNH,2026-08-27,2026-09-18,540.0,P,139.85,146.05,142.95,86.6456,-0.900099,0.002056,-0.289201,0.172655,22,401.01,2,0,24.23
UNH,2026-08-27,2026-09-18,560.0,P,205.5,213.7,209.6,239.9967,-0.605803,0.001629,-2.021082,0.378868,22,401.01,1,0,24.23
UNH,2026-08-27,2026-09-25,305.0,C,92.8,101.0,96.9,54.6147,0.969519,0.001117,-0.102812,0.077931,29,401.01,0,1,24.23
UNH,2026-08-27,2026-09-25,310.0,C,87.85,96.0,91.925,52.1489,0.967455,0.001235,-0.103818,0.082269,29,401.01,0,1,24.23
UNH,2026-08-27,2026-09-25,340.0,C,60.5,65.75,63.125,56.2626,0.872537,0.003281,-0.257471,0.23587,29,401.01,6,6,24.23
UNH,2026-08-27,2026-09-25,350.0,C,48.4,56.05,52.225,50.4399,0.852829,0.004038,-0.255144,0.260215,29,401.01,1,2,24.23
UNH,2026-08-27,2026-09-25,355.0,C,44.15,51.15,47.65,47.2784,0.842098,0.004514,-0.25116,0.272656,29,401.01,7,7,24.23
UNH,2026-08-27,2026-09-25,360.0,C,40.35,46.3,43.325,44.2388,0.829202,0.005076,-0.2477,0.286895,29,401.01,0,2,24.23
UNH,2026-08-27,2026-09-25,365.0,C,36.95,42.0,39.475,42.8411,0.806155,0.005673,-0.257739,0.310519,29,401.01,2,8,24.23
UNH,2026-08-27,2026-09-25,370.0,C,30.1,37.05,33.575,39.2767,0.790688,0.006479,-0.248427,0.325137,29,401.01,3,10,24.23
UNH,2026-08-27,2026-09-25,375.0,C,25.65,32.55,29.1,36.8903,0.765805,0.007356,-0.24821,0.346696,29,401.01,2,20,24.23
UNH,2026-08-27,2026-09-25,380.0,C,24.35,29.45,26.9,37.879,0.720682,0.007853,-0.274393,0.380047,29,401.01,2,19,24.23
UNH,2026-08-27,2026-09-25,385.0,C,21.15,22.85,22.0,29.6974,0.713488,0.010139,-0.223542,0.384717,29,401.01,6,23,24.23
UNH,2026-08-27,2026-09-25,390.0,C,17.75,22.3,20.025,35.8344,0.638761,0.009247,-0.285177,0.423379,29,401.01,1,58,24.23
UNH,2026-08-27,2026-09-25,395.0,C,14.55,16.45,15.5,29.0657,0.602979,0.011736,-0.241147,0.435831,29,401.01,11,119,24.23
UNH,2026-08-27,2026-09-25,400.0,C,12.1,13.85,12.975,29.1267,0.542795,0.012048,-0.245718,0.448342,29,401.01,20,136,24.23
UNH,2026-08-27,2026-09-25,405.0,C,8.7,11.5,10.1,29.0779,0.482435,0.012126,-0.244221,0.450502,29,401.01,17,37,24.23
UNH,2026-08-27,2026-09-25,410.0,C,7.95,8.85,8.4,27.7076,0.417893,0.012467,-0.226865,0.441354,29,401.01,45,220,24.23
UNH,2026-08-27,2026-09-25,415.0,C,6.15,7.6,6.875,28.8398,0.364998,0.01153,-0.225269,0.424866,29,401.01,2,58,24.23
UNH,2026-08-27,2026-09-25,420.0,C,4.85,5.85,5.35,28.199,0.306613,0.011015,-0.204772,0.396859,29,401.01,28,125,24.23
UNH,2026-08-27,2026-09-25,425.0,C,3.75,4.6,4.175,28.1501,0.256029,0.010113,-0.186437,0.363727,29,401.01,23,237,24.23
UNH,2026-08-27,2026-09-25,430.0,C,2.77,3.65,3.21,28.3454,0.212738,0.009064,-0.168666,0.328246,29,401.01,46,143,24.23
UNH,2026-08-27,2026-09-25,435.0,C,2.21,2.82,2.515,28.3454,0.173186,0.007992,-0.148188,0.289449,29,401.01,23,51,24.23
UNH,2026-08-27,2026-09-25,440.0,C,1.66,2.44,2.05,29.4563,0.149004,0.006972,-0.139044,0.262379,29,401.01,18,33,24.23
UNH,2026-08-27,2026-09-25,445.0,C,1.3,3.05,2.175,34.1559,0.158039,0.006251,-0.166754,0.272811,29,401.01,2,17,24.23
UNH,2026-08-27,2026-09-25,450.0,C,1.06,1.5,1.28,29.8713,0.098179,0.005128,-0.10463,0.195724,29,401.01,32,42,24.23
UNH,2026-08-27,2026-09-25,455.0,C,0.0,1.5,0.75,31.9465,0.092566,0.004592,-0.106833,0.187421,29,401.01,2,3,24.23
UNH,2026-08-27,2026-09-25,460.0,C,0.58,0.98,0.78,30.799,0.066333,0.0037,-0.079903,0.145593,29,401.01,4,355,24.23
UNH,2026-08-27,2026-09-25,465.0,C,0.0,1.0,0.5,32.7888,0.063759,0.00337,-0.082302,0.141189,29,401.01,2,2,24.23
UNH,2026-08-27,2026-09-25,470.0,C,0.3,0.8,0.55,33.0695,0.052084,0.00285,-0.070696,0.120429,29,401.01,1,3,24.23
UNH,2026-08-27,2026-09-25,475.0,C,0.11,0.72,0.415,34.0949,0.046152,0.00251,-0.066074,0.109341,29,401.01,1,2,24.23
UNH,2026-08-27,2026-09-25,480.0,C,0.01,1.74,0.875,43.0059,0.080992,0.003087,-0.128877,0.169614,29,401.01,0,2,24.23
UNH,2026-08-27,2026-09-25,485.0,C,0.0,3.6,1.8,53.9738,0.124127,0.003358,-0.22015,0.231547,29,401.01,1,1,24.23
UNH,2026-08-27,2026-09-25,500.0,C,0.0,0.86,0.43,43.5064,0.043281,0.001868,-0.079553,0.103828,29,401.01,10,10,24.23
UNH,2026-08-27,2026-09-25,530.0,C,0.0,1.34,0.67,50.2935,0.030346,0.001208,-0.068494,0.077645,29,401.01,1,1,24.23
UNH,2026-08-27,2026-09-25,560.0,C,0.0,1.83,0.915,61.2797,0.033623,0.001079,-0.090562,0.084508,29,401.01,2,4,24.23
UNH,2026-08-27,2026-09-25,215.0,P,0.0,0.15,0.075,80.8596,-0.002106,7.3e-05,-0.010381,0.007512,29,401.01,0,0,24.23
UNH,2026-08-27,2026-09-25,270.0,P,0.0,0.56,0.28,62.4515,-0.009342,0.000356,-0.030163,0.028387,29,401.01,4,4,24.23
UNH,2026-08-27,2026-09-25,275.0,P,0.0,2.3,1.15,75.1467,-0.028677,0.000772,-0.094721,0.074084,29,401.01,1,1,24.23
UNH,2026-08-27,2026-09-25,280.0,P,0.0,0.49,0.245,56.2993,-0.009105,0.000386,-0.026552,0.027756,29,401.01,1,1,24.23
UNH,2026-08-27,2026-09-25,290.0,P,0.01,2.61,1.31,67.8226,-0.035438,0.001018,-0.101626,0.088237,29,401.01,0,1,24.23
UNH,2026-08-27,2026-09-25,295.0,P,0.0,3.3,1.65,68.0179,-0.043405,0.001198,-0.120136,0.104068,29,401.01,0,1,24.23
UNH,2026-08-27,2026-09-25,325.0,P,0.06,0.85,0.455,43.482,-0.035937,0.001607,-0.065382,0.089255,29,401.01,0,1,24.23
UNH,2026-08-27,2026-09-25,330.0,P,0.11,1.51,0.81,46.2408,-0.056718,0.002181,-0.100276,0.12883,29,401.01,2,13,24.23
UNH,2026-08-27,2026-09-25,335.0,P,0.15,1.9,1.025,45.9112,-0.069816,0.002582,-0.116891,0.151461,29,401.01,3,5,24.23
UNH,2026-08-27,2026-09-25,340.0,P,0.47,1.18,0.825,38.3063,-0.053737,0.002522,-0.079251,0.123451,29,401.01,10,25,24.23
UNH,2026-08-27,2026-09-25,345.0,P,0.69,1.27,0.98,36.2311,-0.060226,0.002917,-0.081806,0.135046,29,401.01,29,30,24.23
UNH,2026-08-27,2026-09-25,350.0,P,0.7,1.62,1.16,35.5963,-0.075592,0.003539,-0.095582,0.160968,29,401.01,4,93,24.23
UNH,2026-08-27,2026-09-25,355.0,P,1.0,2.04,1.52,34.9067,-0.09382,0.004244,-0.109939,0.189295,29,401.01,26,39,24.23
UNH,2026-08-27,2026-09-25,360.0,P,1.63,2.18,1.905,32.5812,-0.105185,0.004944,-0.111146,0.205797,29,401.01,8,156,24.23
UNH,2026-08-27,2026-09-25,365.0,P,2.22,2.6,2.41,31.2873,-0.126265,0.005862,-0.121051,0.234324,29,401.01,6,80,24.23
UNH,2026-08-27,2026-09-25,370.0,P,2.93,3.5,3.215,31.3361,-0.161443,0.00691,-0.142601,0.276641,29,401.01,13,96,24.23
UNH,2026-08-27,2026-09-25,375.0,P,3.7,4.55,4.125,31.2019,-0.200511,0.00795,-0.161955,0.316937,29,401.01,12,91,24.23
UNH,2026-08-27,2026-09-25,380.0,P,4.85,5.55,5.2,30.3352,-0.239967,0.009066,-0.173531,0.351365,29,401.01,38,90,24.23
UNH,2026-08-27,2026-09-25,385.0,P,6.3,7.2,6.75,30.6007,-0.29134,0.009918,-0.192097,0.387754,29,401.01,182,56,24.23
UNH,2026-08-27,2026-09-25,390.0,P,6.75,9.15,7.95,30.8967,-0.345729,0.010558,-0.207149,0.416788,29,401.01,3,42,24.23
UNH,2026-08-27,2026-09-25,395.0,P,9.8,11.15,10.475,30.6587,-0.400569,0.011153,-0.213631,0.43686,29,401.01,2,78,24.23
UNH,2026-08-27,2026-09-25,400.0,P,12.3,13.45,12.875,30.4633,-0.457614,0.01152,-0.21568,0.448392,29,401.01,11,31,24.23
UNH,2026-08-27,2026-09-25,405.0,P,14.95,17.25,16.1,32.9322,-0.511432,0.010713,-0.233551,0.450754,29,401.01,8,34,24.23
UNH,2026-08-27,2026-09-25,410.0,P,17.85,19.25,18.55,30.8662,-0.570492,0.011256,-0.211246,0.443881,29,401.01,3,9,24.23
UNH,2026-08-27,2026-09-25,415.0,P,21.05,25.7,23.375,38.2575,-0.59363,0.00897,-0.262657,0.438462,29,401.01,1,18,24.23
UNH,2026-08-27,2026-09-25,420.0,P,24.45,29.35,26.9,39.0326,-0.632649,0.008538,-0.258034,0.425776,29,401.01,4,25,24.23
UNH,2026-08-27,2026-09-25,425.0,P,27.8,33.15,30.475,39.765,-0.668645,0.00807,-0.250771,0.410021,29,401.01,3,26,24.23
UNH,2026-08-27,2026-09-25,430.0,P,31.85,37.25,34.55,40.885,-0.699374,0.007531,-0.245302,0.39338,29,401.01,1,11,24.23
UNH,2026-08-27,2026-09-25,435.0,P,36.1,41.55,38.825,42.2216,-0.725577,0.006984,-0.240784,0.376771,29,401.01,0,3,24.23
UNH,2026-08-27,2026-09-25,440.0,P,40.75,46.0,43.375,43.7139,-0.747819,0.006461,-0.23713,0.360849,29,401.01,0,1,24.23
UNH,2026-08-27,2026-09-25,455.0,P,52.35,58.55,55.45,44.306,-0.822644,0.005191,-0.185338,0.293849,29,401.01,1,1,24.23
UNH,2026-08-27,2026-10-02,330.0,C,70.25,75.75,73.0,56.9279,0.884902,0.002709,-0.22153,0.244599,36,401.01,2,1,24.23
UNH,2026-08-27,2026-10-02,370.0,C,33.05,38.75,35.9,39.7345,0.769293,0.006078,-0.238596,0.383068,36,401.01,1,1,24.23
UNH,2026-08-27,2026-10-02,375.0,C,29.05,34.75,31.9,38.5382,0.740427,0.006678,-0.244898,0.408156,36,401.01,2,3,24.23
UNH,2026-08-27,2026-10-02,380.0,C,26.0,29.7,27.85,34.6808,0.719706,0.007711,-0.230408,0.424156,36,401.01,6,12,24.23
UNH,2026-08-27,2026-10-02,385.0,C,22.35,27.45,24.9,36.7682,0.670789,0.007813,-0.257041,0.455648,36,401.01,6,25,24.23
UNH,2026-08-27,2026-10-02,390.0,C,19.35,22.75,21.05,33.1946,0.638362,0.008963,-0.241078,0.471895,36,401.01,5,66,24.23
UNH,2026-08-27,2026-10-02,395.0,C,16.25,21.25,18.75,35.7917,0.588202,0.008633,-0.265273,0.490094,36,401.01,5,108,24.23
UNH,2026-08-27,2026-10-02,400.0,C,13.85,16.6,15.225,31.6383,0.544465,0.00995,-0.239746,0.4993,36,401.01,26,186,24.23
UNH,2026-08-27,2026-10-02,405.0,C,11.15,16.3,13.725,35.6208,0.499986,0.008893,-0.267146,0.502424,36,401.01,29,36,24.23
UNH,2026-08-27,2026-10-02,410.0,C,8.85,12.05,10.45,31.3636,0.444769,0.010003,-0.233532,0.497601,36,401.01,10,39,24.23
UNH,2026-08-27,2026-10-02,415.0,C,7.15,10.0,8.575,30.9516,0.394835,0.009877,-0.223398,0.484864,36,401.01,1,47,24.23
UNH,2026-08-27,2026-10-02,420.0,C,7.0,8.9,7.95,32.0563,0.354538,0.009217,-0.222099,0.468644,36,401.01,6,21,24.23
UNH,2026-08-27,2026-10-02,425.0,C,4.35,6.9,5.625,30.7807,0.303252,0.009013,-0.199682,0.440009,36,401.01,11,24,24.23
UNH,2026-08-27,2026-10-02,430.0,C,3.85,6.3,5.075,32.2517,0.273408,0.008191,-0.198124,0.419019,36,401.01,3,164,24.23
UNH,2026-08-27,2026-10-02,435.0,C,2.9,5.3,4.1,32.4531,0.238357,0.007578,-0.184919,0.390043,36,401.01,29,20,24.23
UNH,2026-08-27,2026-10-02,440.0,C,2.38,3.4,2.89,29.615,0.180881,0.007057,-0.143321,0.331477,36,401.01,5,5,24.23
UNH,2026-08-27,2026-10-02,445.0,C,1.86,2.81,2.335,29.9507,0.153657,0.006281,-0.130055,0.298376,36,401.01,6,11,24.23
UNH,2026-08-27,2026-10-02,450.0,C,1.47,2.47,1.97,30.8479,0.134854,0.005585,-0.122275,0.273233,36,401.01,6,53,24.23
UNH,2026-08-27,2026-10-02,460.0,C,1.07,1.51,1.29,30.6281,0.089985,0.004209,-0.090479,0.204488,36,401.01,4,20,24.23
UNH,2026-08-27,2026-10-02,465.0,C,0.74,1.82,1.28,33.9118,0.096337,0.003998,-0.105011,0.215061,36,401.01,1,1,24.23
UNH,2026-08-27,2026-10-02,470.0,C,0.59,1.33,0.96,33.155,0.075279,0.0034,-0.08524,0.178778,36,401.01,1,4,24.23
UNH,2026-08-27,2026-10-02,475.0,C,0.27,1.05,0.66,33.0939,0.061509,0.002914,-0.072695,0.152966,36,401.01,28,27,24.23
UNH,2026-08-27,2026-10-02,480.0,C,0.01,1.69,0.85,38.465,0.081076,0.0031,-0.104154,0.189128,36,401.01,2,1,24.23
UNH,2026-08-27,2026-10-02,520.0,C,0.01,0.76,0.385,43.6773,0.035995,0.001437,-0.061789,0.099575,36,401.01,1,2,24.23
UNH,2026-08-27,2026-10-02,560.0,C,0.0,0.36,0.18,47.8521,0.016885,0.000696,-0.035733,0.052788,36,401.01,0,2,24.23
UNH,2026-08-27,2026-10-02,280.0,P,0.0,0.64,0.32,52.6128,-0.011348,0.000449,-0.026895,0.037472,36,401.01,0,1,24.23
UNH,2026-08-27,2026-10-02,285.0,P,0.0,0.4,0.2,52.0024,-0.014083,0.000548,-0.032021,0.045173,36,401.01,1,1,24.23
UNH,2026-08-27,2026-10-02,295.0,P,0.0,1.92,0.96,54.9565,-0.029634,0.000973,-0.063458,0.084824,36,401.01,0,6,24.23
UNH,2026-08-27,2026-10-02,300.0,P,0.0,2.61,1.305,55.6767,-0.038537,0.001192,-0.079736,0.105285,36,401.01,0,6,24.23
UNH,2026-08-27,2026-10-02,310.0,P,0.0,2.7,1.35,50.8062,-0.043093,0.001431,-0.079476,0.115276,36,401.01,2,1,24.23
UNH,2026-08-27,2026-10-02,320.0,P,0.0,1.7,0.85,48.0718,-0.055429,0.001849,-0.091714,0.14096,36,401.01,3,3,24.23
UNH,2026-08-27,2026-10-02,325.0,P,0.24,0.87,0.555,39.3317,-0.036517,0.001615,-0.053483,0.100756,36,401.01,30,3,24.23
UNH,2026-08-27,2026-10-02,330.0,P,0.46,1.8,1.13,43.4088,-0.063696,0.002283,-0.092025,0.157189,36,401.01,6,10,24.23
UNH,2026-08-27,2026-10-02,335.0,P,0.61,2.25,1.43,43.1768,-0.077655,0.002673,-0.106423,0.183056,36,401.01,1,3,24.23
UNH,2026-08-27,2026-10-02,340.0,P,0.68,1.98,1.33,39.1119,-0.075691,0.002894,-0.094275,0.179524,36,401.01,1,51,24.23
UNH,2026-08-27,2026-10-02,345.0,P,0.98,2.17,1.575,37.3786,-0.085146,0.00331,-0.098222,0.196224,36,401.01,3,22,24.23
UNH,2026-08-27,2026-10-02,350.0,P,1.45,3.15,2.3,38.7518,-0.113393,0.003938,-0.125373,0.242013,36,401.01,32,28,24.23
UNH,2026-08-27,2026-10-02,355.0,P,1.7,2.85,2.275,34.7419,-0.114129,0.004412,-0.112432,0.243131,36,401.01,4,50,24.23
UNH,2026-08-27,2026-10-02,360.0,P,2.28,4.25,3.265,36.6461,-0.152316,0.005104,-0.144421,0.296646,36,401.01,4,103,24.23
UNH,2026-08-27,2026-10-02,365.0,P,2.79,5.2,3.995,36.3593,-0.180634,0.005743,-0.159447,0.331194,36,401.01,9,67,24.23
UNH,2026-08-27,2026-10-02,370.0,P,3.7,5.45,4.575,33.7958,-0.198873,0.006555,-0.15637,0.351384,36,401.01,20,41,24.23
UNH,2026-08-27,2026-10-02,375.0,P,4.95,5.85,5.4,31.4948,-0.222363,0.007511,-0.154562,0.375183,36,401.01,13,59,24.23
UNH,2026-08-27,2026-10-02,380.0,P,6.05,7.85,6.95,32.7643,-0.270992,0.008028,-0.178123,0.417176,36,401.01,2,28,24.23
UNH,2026-08-27,2026-10-02,385.0,P,7.8,9.35,8.575,32.2822,-0.312612,0.008709,-0.186388,0.445923,36,401.01,6,31,24.23
UNH,2026-08-27,2026-10-02,390.0,P,9.45,11.6,10.525,32.9139,-0.360838,0.009033,-0.199836,0.471537,36,401.01,9,35,24.23
UNH,2026-08-27,2026-10-02,395.0,P,11.7,12.8,12.25,30.918,-0.404565,0.009951,-0.191937,0.487978,36,401.01,3,16,24.23
UNH,2026-08-27,2026-10-02,400.0,P,13.8,15.6,14.7,31.6657,-0.455539,0.009942,-0.199644,0.4993,36,401.01,8,32,24.23
UNH,2026-08-27,2026-10-02,405.0,P,16.45,19.85,18.15,34.7632,-0.501102,0.009112,-0.220365,0.502422,36,401.01,1,97,24.23
UNH,2026-08-27,2026-10-02,410.0,P,19.45,22.15,20.8,33.5792,-0.548945,0.009363,-0.208172,0.498638,36,401.01,1,1,24.23
UNH,2026-08-27,2026-10-02,415.0,P,22.65,25.75,24.2,34.5496,-0.590274,0.008933,-0.208479,0.489505,36,401.01,0,163,24.23
UNH,2026-08-27,2026-10-02,420.0,P,25.5,28.8,27.15,33.9911,-0.635312,0.008778,-0.194875,0.473239,36,401.01,1,6,24.23
UNH,2026-08-27,2026-10-02,440.0,P,41.1,46.75,43.925,41.1932,-0.733824,0.006328,-0.202209,0.413432,36,401.01,0,0,24.23
UNH,2026-08-27,2026-10-02,445.0,P,46.35,50.1,48.225,39.6063,-0.771975,0.006058,-0.173136,0.380566,36,401.01,0,2,24.23
UNH,2026-08-27,2026-10-02,465.0,P,62.25,68.45,65.35,43.8482,-0.836415,0.00447,-0.148666,0.310881,36,401.01,0,1,24.23
UNH,2026-08-27,2026-10-02,475.0,P,72.05,79.6,75.825,51.5813,-0.826857,0.003941,-0.189608,0.322445,36,401.01,0,1,24.23
UNH,2026-08-27,2026-10-16,230.0,C,167.05,175.7,171.375,67.3343,0.991238,0.000238,-0.046475,0.035239,50,401.01,2,2,24.23
UNH,2026-08-27,2026-10-16,250.0,C,147.15,155.8,151.475,60.2543,0.987871,0.000353,-0.052807,0.04679,50,401.01,0,3,24.23
UNH,2026-08-27,2026-10-16,270.0,C,128.3,135.35,131.825,56.3969,0.978497,0.000615,-0.069307,0.076411,50,401.01,1,2,24.23
UNH,2026-08-27,2026-10-16,280.0,C,117.75,125.4,121.575,74.8416,0.926955,0.001249,-0.178891,0.2059,50,401.01,1,5,24.23
UNH,2026-08-27,2026-10-16,290.0,C,107.8,115.45,111.625,69.3179,0.920917,0.001432,-0.177172,0.218734,50,401.01,1,2,24.23
UNH,2026-08-27,2026-10-16,300.0,C,97.9,105.55,101.725,64.1056,0.913568,0.001656,-0.176168,0.233863,50,401.01,1,6,24.23
UNH,2026-08-27,2026-10-16,310.0,C,89.4,95.7,92.55,59.1557,0.904608,0.001931,-0.175726,0.25162,50,401.01,1,4,24.23
UNH,2026-08-27,2026-10-16,320.0,C,79.15,85.95,82.55,54.572,0.893118,0.002274,-0.176578,0.273368,50,401.01,1,2,24.23
UNH,2026-08-27,2026-10-16,330.0,C,69.8,75.75,72.775,48.4868,0.885688,0.002686,-0.167211,0.286861,50,401.01,10,11,24.23
UNH,2026-08-27,2026-10-16,340.0,C,60.95,65.3,63.125,41.7425,0.880645,0.003217,-0.152431,0.295774,50,401.01,1,36,24.23
UNH,2026-08-27,2026-10-16,350.0,C,52.1,58.15,55.125,44.2327,0.827359,0.003893,-0.195318,0.379303,50,401.01,13,100,24.23
UNH,2026-08-27,2026-10-16,360.0,C,45.2,49.8,47.5,42.2064,0.788456,0.004621,-0.208129,0.429591,50,401.01,5,53,24.23
UNH,2026-08-27,2026-10-16,370.0,C,34.9,42.3,38.6,41.1566,0.738167,0.005329,-0.224397,0.483167,50,401.01,11,56,24.23
UNH,2026-08-27,2026-10-16,380.0,C,30.0,31.8,30.9,33.5486,0.704088,0.006939,-0.197268,0.512829,50,401.01,20,101,24.23
UNH,2026-08-27,2026-10-16,390.0,C,24.4,25.5,24.95,33.0848,0.629246,0.007694,-0.208363,0.56076,50,401.01,68,683,24.23
UNH,2026-08-27,2026-10-16,400.0,C,18.9,20.0,19.45,32.6484,0.548994,0.008171,-0.212009,0.587641,50,401.01,378,1866,24.23
UNH,2026-08-27,2026-10-16,410.0,C,14.4,15.3,14.85,32.2059,0.466532,0.008317,-0.207323,0.590027,50,401.01,249,2590,24.23
UNH,2026-08-27,2026-10-16,420.0,C,10.7,11.3,11.0,31.5955,0.384393,0.008148,-0.193558,0.567074,50,401.01,394,2064,24.23
UNH,2026-08-27,2026-10-16,430.0,C,7.65,8.5,8.075,31.8122,0.31171,0.00749,-0.178709,0.52487,50,401.01,85,1407,24.23
UNH,2026-08-27,2026-10-16,440.0,C,5.5,6.2,5.85,31.7878,0.24608,0.006679,-0.157985,0.467685,50,401.01,177,2274,24.23
UNH,2026-08-27,2026-10-16,450.0,C,4.0,4.4,4.2,31.6688,0.188988,0.005754,-0.134325,0.401441,50,401.01,77,1026,24.23
UNH,2026-08-27,2026-10-16,460.0,C,2.85,3.25,3.05,32.1357,0.146424,0.00481,-0.115017,0.340513,50,401.01,147,1391,24.23
UNH,2026-08-27,2026-10-16,470.0,C,1.98,2.39,2.185,32.5934,0.112428,0.003948,-0.0967,0.28348,50,401.01,259,754,24.23
UNH,2026-08-27,2026-10-16,480.0,C,0.93,1.79,1.36,33.2038,0.086838,0.003209,-0.081255,0.234683,50,401.01,70,227,24.23
UNH,2026-08-27,2026-10-16,490.0,C,0.97,1.3,1.135,33.57,0.06549,0.00256,-0.066062,0.189289,50,401.01,49,223,24.23
UNH,2026-08-27,2026-10-16,500.0,C,0.72,1.0,0.86,34.3268,0.051214,0.002063,-0.05553,0.156028,50,401.01,1,972,24.23
UNH,2026-08-27,2026-10-16,510.0,C,0.39,1.14,0.765,37.6593,0.052728,0.001925,-0.062154,0.159682,50,401.01,1,81,24.23
UNH,2026-08-27,2026-10-16,520.0,C,0.23,1.15,0.69,40.0885,0.05019,0.001739,-0.063467,0.153539,50,401.01,1,138,24.23
UNH,2026-08-27,2026-10-16,530.0,C,0.14,1.01,0.575,41.3946,0.043565,0.001503,-0.058395,0.137055,50,401.01,1,110,24.23
UNH,2026-08-27,2026-10-16,540.0,C,0.02,0.9,0.46,42.713,0.03825,0.001311,-0.054133,0.123325,50,401.01,4,190,24.23
UNH,2026-08-27,2026-10-16,550.0,C,0.0,0.9,0.45,44.8248,0.036656,0.001206,-0.054785,0.119111,50,401.01,3,209,24.23
UNH,2026-08-27,2026-10-16,560.0,C,0.0,0.44,0.22,41.9195,0.020563,0.000797,-0.03163,0.073573,50,401.01,10,131,24.23
UNH,2026-08-27,2026-10-16,580.0,C,0.02,0.37,0.195,44.483,0.016648,0.000627,-0.027978,0.061463,50,401.01,1,111,24.23
UNH,2026-08-27,2026-10-16,220.0,P,0.0,4.3,2.15,96.8628,-0.030883,0.000485,-0.098749,0.103445,50,401.01,0,3,24.23
UNH,2026-08-27,2026-10-16,230.0,P,0.0,0.71,0.355,67.139,-0.008616,0.000235,-0.022933,0.034724,50,401.01,8,5,24.23
UNH,2026-08-27,2026-10-16,240.0,P,0.0,0.74,0.37,62.8422,-0.00951,0.000273,-0.023374,0.03786,50,401.01,5,6,24.23
UNH,2026-08-27,2026-10-16,250.0,P,0.0,0.69,0.345,57.8129,-0.00967,0.000302,-0.021785,0.038413,50,401.01,2,3,24.23
UNH,2026-08-27,2026-10-16,260.0,P,0.07,0.62,0.345,53.4917,-0.010358,0.000346,-0.021368,0.040789,50,401.01,0,1,24.23
UNH,2026-08-27,2026-10-16,270.0,P,0.05,0.41,0.23,50.5864,-0.012763,0.000439,-0.024184,0.0489,50,401.01,25,885,24.23
UNH,2026-08-27,2026-10-16,280.0,P,0.11,0.78,0.445,51.5386,-0.022486,0.000699,-0.039914,0.079347,50,401.01,1,73,24.23
UNH,2026-08-27,2026-10-16,290.0,P,0.18,0.82,0.5,47.6324,-0.025277,0.000834,-0.040604,0.08755,50,401.01,4,24,24.23
UNH,2026-08-27,2026-10-16,300.0,P,0.41,0.88,0.645,43.9215,-0.028876,0.001011,-0.041723,0.097836,50,401.01,4,105,24.23
UNH,2026-08-27,2026-10-16,310.0,P,0.54,1.53,1.035,44.4586,-0.046736,0.001481,-0.062446,0.145028,50,401.01,17,95,24.23
UNH,2026-08-27,2026-10-16,320.0,P,1.07,1.22,1.145,38.0499,-0.043752,0.001641,-0.050449,0.13753,50,401.01,6,541,24.23
UNH,2026-08-27,2026-10-16,330.0,P,1.57,1.8,1.685,36.9757,-0.063074,0.002257,-0.065258,0.183838,50,401.01,6,296,24.23
UNH,2026-08-27,2026-10-16,340.0,P,2.26,2.68,2.47,36.1701,-0.090526,0.003038,-0.083644,0.242066,50,401.01,119,2701,24.23
UNH,2026-08-27,2026-10-16,350.0,P,3.35,3.6,3.475,34.4489,-0.120906,0.003933,-0.097595,0.298478,50,401.01,145,1167,24.23
UNH,2026-08-27,2026-10-16,360.0,P,4.95,5.35,5.15,34.0918,-0.168996,0.004982,-0.120217,0.374158,50,401.01,83,1487,24.23
UNH,2026-08-27,2026-10-16,370.0,P,6.9,7.45,7.175,33.2282,-0.224519,0.006074,-0.137941,0.444592,50,401.01,77,1449,24.23
UNH,2026-08-27,2026-10-16,380.0,P,9.95,10.85,10.4,33.6707,-0.296428,0.00692,-0.159782,0.513239,50,401.01,84,2097,24.23
UNH,2026-08-27,2026-10-16,390.0,P,13.55,14.2,13.875,32.5873,-0.369553,0.007803,-0.16623,0.560169,50,401.01,103,913,24.23
UNH,2026-08-27,2026-10-16,400.0,P,17.85,19.75,18.8,33.9362,-0.451005,0.007861,-0.179266,0.587641,50,401.01,105,1729,24.23
UNH,2026-08-27,2026-10-16,410.0,P,23.15,24.35,23.75,32.3188,-0.533186,0.008288,-0.166765,0.590062,50,401.01,229,455,24.23
UNH,2026-08-27,2026-10-16,420.0,P,29.5,30.45,29.975,31.8885,-0.614161,0.008082,-0.153214,0.5677,50,401.01,4,314,24.23
UNH,2026-08-27,2026-10-16,430.0,P,36.35,40.75,38.55,37.9187,-0.652158,0.006567,-0.177603,0.548504,50,401.01,7,897,24.23
UNH,2026-08-27,2026-10-16,440.0,P,44.0,48.15,46.075,37.9157,-0.710559,0.006077,-0.158971,0.507589,50,401.01,8,88,24.23
UNH,2026-08-27,2026-10-16,450.0,P,52.2,58.0,55.1,42.0843,-0.73554,0.005238,-0.168895,0.485638,50,401.01,3,353,24.23
UNH,2026-08-27,2026-10-16,460.0,P,61.45,66.25,63.85,42.4109,-0.777454,0.004735,-0.149606,0.442365,50,401.01,1,22,24.23
UNH,2026-08-27,2026-10-16,480.0,P,78.5,84.85,81.675,46.3201,-0.824736,0.003753,-0.135602,0.382957,50,401.01,0,1,24.23
UNH,2026-08-27,2026-10-16,490.0,P,91.3,96.55,93.925,54.0837,-0.809455,0.003387,-0.175871,0.40347,50,401.01,1,1,24.23
UNH,2026-08-27,2026-10-16,500.0,P,96.85,102.8,99.825,46.6497,-0.877421,0.002933,-0.094872,0.301375,50,401.01,0,1,24.23
UNH,2026-08-27,2026-10-16,510.0,P,111.2,116.25,113.725,52.5945,-0.866887,0.002755,-0.121464,0.319147,50,401.01,0,1,24.23
UNH,2026-08-27,2026-10-16,550.0,P,145.9,154.55,150.225,66.3211,-0.873636,0.002107,-0.153406,0.307851,50,401.01,5,0,24.23
UNH,2026-08-27,2026-11-20,130.0,C,259.8,268.15,263.975,0.001,1.0,0.0,-0.01303,0.0,85,401.01,0,1,24.23
UNH,2026-08-27,2026-11-20,135.0,C,267.35,275.8,271.575,155.4324,0.966966,0.000245,-0.142028,0.142587,85,401.01,1,1,24.23
UNH,2026-08-27,2026-11-20,150.0,C,239.85,248.25,244.05,0.001,1.0,0.0,-0.015035,0.0,85,401.01,20,0,24.23
UNH,2026-08-27,2026-11-20,185.0,C,235.55,243.1,239.325,180.4566,0.908843,0.000469,-0.349338,0.317247,85,401.01,1,0,24.23
UNH,2026-08-27,2026-11-20,200.0,C,197.0,205.65,201.325,62.3051,0.993661,0.000148,-0.032423,0.034547,85,401.01,1,66,24.23
UNH,2026-08-27,2026-11-20,230.0,C,167.6,175.8,171.7,56.934,0.98581,0.000328,-0.045816,0.069868,85,401.01,1,13,24.23
UNH,2026-08-27,2026-11-20,240.0,C,157.65,165.85,161.75,53.6382,0.984058,0.000384,-0.047708,0.07722,85,401.01,1,35,24.23
UNH,2026-08-27,2026-11-20,250.0,C,149.3,155.45,152.375,55.518,0.973181,0.000577,-0.06302,0.119947,85,401.01,1,26,24.23
UNH,2026-08-27,2026-11-20,260.0,C,138.0,145.65,141.825,67.8348,0.934935,0.000967,-0.120975,0.245557,85,401.01,2,61,24.23
UNH,2026-08-27,2026-11-20,270.0,C,128.25,135.9,132.075,64.0018,0.928265,0.001105,-0.123379,0.264763,85,401.01,1,80,24.23
UNH,2026-08-27,2026-11-20,280.0,C,120.2,126.25,123.225,60.529,0.920017,0.001269,-0.126754,0.287647,85,401.01,2,200,24.23
UNH,2026-08-27,2026-11-20,290.0,C,111.25,116.65,113.95,57.1782,0.91048,0.001462,-0.130193,0.313007,85,401.01,1,45,24.23
UNH,2026-08-27,2026-11-20,300.0,C,101.05,105.9,103.475,50.4338,0.911394,0.001645,-0.118182,0.310625,85,401.01,3,170,24.23
UNH,2026-08-27,2026-11-20,310.0,C,91.85,96.4,94.125,47.5225,0.898773,0.001925,-0.122261,0.342652,85,401.01,1,258,24.23
UNH,2026-08-27,2026-11-20,320.0,C,83.55,87.65,85.6,46.314,0.876953,0.002272,-0.133814,0.393994,85,401.01,3,156,24.23
UNH,2026-08-27,2026-11-20,330.0,C,74.7,77.9,76.3,42.4292,0.863504,0.002664,-0.132572,0.423344,85,401.01,2,192,24.23
UNH,2026-08-27,2026-11-20,340.0,C,65.35,71.3,68.325,44.7027,0.819314,0.003041,-0.159647,0.509001,85,401.01,2,214,24.23
UNH,2026-08-27,2026-11-20,350.0,C,58.9,63.6,61.25,43.8665,0.784986,0.003442,-0.171104,0.565458,85,401.01,2,549,24.23
UNH,2026-08-27,2026-11-20,360.0,C,49.85,53.55,51.7,38.7213,0.76324,0.004118,-0.161337,0.59713,85,401.01,2,442,24.23
UNH,2026-08-27,2026-11-20,370.0,C,43.6,48.15,45.875,40.4547,0.710173,0.004371,-0.181328,0.662229,85,401.01,2,538,24.23
UNH,2026-08-27,2026-11-20,380.0,C,36.15,41.8,38.975,39.9176,0.662864,0.004728,-0.188427,0.706757,85,401.01,6,952,24.23
UNH,2026-08-27,2026-11-20,390.0,C,31.1,32.6,31.85,34.9448,0.61805,0.005639,-0.173288,0.737968,85,401.01,26,817,24.23
UNH,2026-08-27,2026-11-20,400.0,C,25.9,27.4,26.65,34.7083,0.55966,0.005873,-0.175623,0.763371,85,401.01,163,1113,24.23
UNH,2026-08-27,2026-11-20,410.0,C,21.25,23.2,22.225,35.0104,0.50164,0.005888,-0.176848,0.772013,85,401.01,84,1384,24.23
UNH,2026-08-27,2026-11-20,420.0,C,17.0,18.8,17.9,34.3177,0.442477,0.005945,-0.170143,0.76398,85,401.01,36,646,24.23
UNH,2026-08-27,2026-11-20,430.0,C,13.75,15.25,14.5,34.0186,0.385622,0.005809,-0.162084,0.740068,85,401.01,34,446,24.23
UNH,2026-08-27,2026-11-20,440.0,C,10.8,12.5,11.65,34.1315,0.334027,0.005509,-0.153576,0.704203,85,401.01,30,596,24.23
UNH,2026-08-27,2026-11-20,450.0,C,8.5,10.55,9.525,34.809,0.29081,0.005088,-0.14646,0.663281,85,401.01,27,641,24.23
UNH,2026-08-27,2026-11-20,460.0,C,6.85,7.5,7.175,33.0665,0.233789,0.004789,-0.123999,0.592981,85,401.01,71,458,24.23
UNH,2026-08-27,2026-11-20,470.0,C,4.6,5.8,5.2,32.8376,0.192611,0.004306,-0.109462,0.529549,85,401.01,41,1577,24.23
UNH,2026-08-27,2026-11-20,480.0,C,3.9,4.5,4.2,32.7704,0.157799,0.003802,-0.095846,0.466593,85,401.01,66,1328,24.23
UNH,2026-08-27,2026-11-20,490.0,C,3.0,4.0,3.5,34.0583,0.13897,0.00336,-0.091055,0.428565,85,401.01,34,222,24.23
UNH,2026-08-27,2026-11-20,500.0,C,2.32,3.05,2.685,33.8508,0.111938,0.002907,-0.077571,0.36846,85,401.01,41,469,24.23
UNH,2026-08-27,2026-11-20,520.0,C,1.24,2.12,1.68,34.9982,0.08028,0.002201,-0.062406,0.288456,85,401.01,31,363,24.23
UNH,2026-08-27,2026-11-20,540.0,C,0.72,1.09,0.905,34.0217,0.046662,0.001482,-0.039565,0.188853,85,401.01,3,109,24.23
UNH,2026-08-27,2026-11-20,560.0,C,0.48,0.65,0.565,34.2292,0.029573,0.001015,-0.027325,0.130114,85,401.01,1,508,24.23
UNH,2026-08-27,2026-11-20,580.0,C,0.07,0.83,0.45,38.5992,0.032741,0.000979,-0.033375,0.141544,85,401.01,5,75,24.23
UNH,2026-08-27,2026-11-20,600.0,C,0.01,0.69,0.35,40.296,0.026759,0.000793,-0.029388,0.119722,85,401.01,5,116,24.23
UNH,2026-08-27,2026-11-20,620.0,C,0.0,0.64,0.32,42.4933,0.023826,0.000683,-0.028048,0.108625,85,401.01,3,37,24.23
UNH,2026-08-27,2026-11-20,640.0,C,0.0,0.57,0.285,44.2877,0.020661,0.000581,-0.025868,0.096315,85,401.01,5,40,24.23
UNH,2026-08-27,2026-11-20,130.0,P,0.0,0.9,0.45,102.4907,-0.005508,7.9e-05,-0.018121,0.030496,85,401.01,1,2,24.23
UNH,2026-08-27,2026-11-20,140.0,P,0.0,4.3,2.15,123.0717,-0.018611,0.000191,-0.062851,0.088139,85,401.01,4,4,24.23
UNH,2026-08-27,2026-11-20,150.0,P,0.01,4.3,2.155,115.6742,-0.019886,0.000215,-0.062438,0.093244,85,401.01,2,68,24.23
UNH,2026-08-27,2026-11-20,155.0,P,0.0,4.2,2.1,111.5971,-0.020167,0.000226,-0.06093,0.094362,85,401.01,2,6,24.23
UNH,2026-08-27,2026-11-20,160.0,P,0.0,1.89,0.945,94.2872,-0.011734,0.000168,-0.032314,0.059277,85,401.01,1,2,24.23
UNH,2026-08-27,2026-11-20,165.0,P,0.0,1.05,0.525,83.7404,-0.007742,0.000131,-0.01994,0.041213,85,401.01,2,5,24.23
UNH,2026-08-27,2026-11-20,170.0,P,0.0,2.86,1.43,94.8731,-0.016913,0.000229,-0.044513,0.081228,85,401.01,32,27,24.23
UNH,2026-08-27,2026-11-20,175.0,P,0.0,1.82,0.91,85.3029,-0.012512,0.000196,-0.030856,0.06267,85,401.01,50,32,24.23
UNH,2026-08-27,2026-11-20,180.0,P,0.0,4.35,2.175,96.2891,-0.02415,0.000305,-0.061047,0.109867,85,401.01,30,23,24.23
UNH,2026-08-27,2026-11-20,185.0,P,0.0,1.3,0.65,76.0745,-0.010326,0.000186,-0.023257,0.05304,85,401.01,7,58,24.23
UNH,2026-08-27,2026-11-20,190.0,P,0.0,0.74,0.37,68.0667,-0.006861,0.000145,-0.014523,0.037049,85,401.01,2,27,24.23
UNH,2026-08-27,2026-11-20,195.0,P,0.0,0.71,0.355,65.5277,-0.006845,0.000151,-0.013942,0.036971,85,401.01,2,84,24.23
UNH,2026-08-27,2026-11-20,200.0,P,0.0,0.72,0.36,63.5258,-0.007131,0.000161,-0.014003,0.038332,85,401.01,4,68,24.23
UNH,2026-08-27,2026-11-20,210.0,P,0.0,0.54,0.27,57.227,-0.006009,0.000154,-0.010825,0.03295,85,401.01,1,78,24.23
UNH,2026-08-27,2026-11-20,220.0,P,0.1,0.59,0.345,55.2251,-0.007798,0.000201,-0.013127,0.041474,85,401.01,7,114,24.23
UNH,2026-08-27,2026-11-20,230.0,P,0.1,0.62,0.36,51.8071,-0.008588,0.000233,-0.013377,0.045142,85,401.01,2,157,24.23
UNH,2026-08-27,2026-11-20,240.0,P,0.16,0.46,0.31,49.9273,-0.011104,0.000302,-0.016105,0.056505,85,401.01,1,197,24.23
UNH,2026-08-27,2026-11-20,250.0,P,0.27,0.7,0.485,49.4878,-0.016421,0.000427,-0.022328,0.079202,85,401.01,11,392,24.23
UNH,2026-08-27,2026-11-20,260.0,P,0.21,0.71,0.46,45.9722,-0.017741,0.000491,-0.022101,0.084615,85,401.01,2,700,24.23
UNH,2026-08-27,2026-11-20,270.0,P,0.35,0.89,0.62,44.129,-0.022517,0.000627,-0.025896,0.103578,85,401.01,2,1182,24.23
UNH,2026-08-27,2026-11-20,280.0,P,0.6,1.16,0.88,42.6519,-0.029392,0.00081,-0.031186,0.129455,85,401.01,1,181,24.23
UNH,2026-08-27,2026-11-20,290.0,P,0.91,1.68,1.295,42.1698,-0.041226,0.001082,-0.040572,0.170897,85,401.01,15,1159,24.23
UNH,2026-08-27,2026-11-20,300.0,P,1.25,2.01,1.63,40.0885,-0.050373,0.001337,-0.045124,0.20077,85,401.01,44,522,24.23
UNH,2026-08-27,2026-11-20,310.0,P,1.8,2.7,2.25,39.1364,-0.066431,0.001703,-0.054515,0.249546,85,401.01,23,511,24.23
UNH,2026-08-27,2026-11-20,320.0,P,2.75,3.7,3.225,38.5443,-0.088119,0.002143,-0.066236,0.309352,85,401.01,5,501,24.23
UNH,2026-08-27,2026-11-20,330.0,P,3.7,5.3,4.5,38.7457,-0.118644,0.002647,-0.082235,0.38402,85,401.01,26,907,24.23
UNH,2026-08-27,2026-11-20,340.0,P,5.2,5.95,5.575,35.9931,-0.138627,0.003174,-0.084428,0.427845,85,401.01,11,668,24.23
UNH,2026-08-27,2026-11-20,350.0,P,6.85,7.7,7.275,35.1508,-0.17424,0.003779,-0.095098,0.497462,85,401.01,3,6611,24.23
UNH,2026-08-27,2026-11-20,360.0,P,9.1,10.05,9.575,34.6503,-0.217644,0.004388,-0.106328,0.569451,85,401.01,125,785,24.23
UNH,2026-08-27,2026-11-20,370.0,P,11.5,12.9,12.2,34.162,-0.266723,0.004971,-0.115796,0.635936,85,401.01,15,789,24.23
UNH,2026-08-27,2026-11-20,380.0,P,15.25,16.6,15.925,34.1071,-0.322232,0.005434,-0.124648,0.694043,85,401.01,7,626,24.23
UNH,2026-08-27,2026-11-20,390.0,P,18.6,20.3,19.45,33.2435,-0.379302,0.005915,-0.126743,0.736411,85,401.01,6,652,24.23
UNH,2026-08-27,2026-11-20,400.0,P,23.8,25.55,24.675,33.6341,-0.440526,0.006061,-0.130793,0.763425,85,401.01,9,716,24.23
UNH,2026-08-27,2026-11-20,410.0,P,28.9,30.1,29.5,32.3264,-0.503605,0.006377,-0.123557,0.771988,85,401.01,2,819,24.23
UNH,2026-08-27,2026-11-20,420.0,P,34.7,36.55,35.625,32.7018,-0.563494,0.006224,-0.120329,0.762221,85,401.01,23,749,24.23
UNH,2026-08-27,2026-11-20,430.0,P,41.25,42.7,41.975,31.9205,-0.625636,0.006135,-0.108301,0.733413,85,401.01,2,253,24.23
UNH,2026-08-27,2026-11-20,440.0,P,48.3,52.35,50.325,35.3827,-0.658262,0.005362,-0.116179,0.710444,85,401.01,1,76,24.23
UNH,2026-08-27,2026-11-20,450.0,P,56.05,60.4,58.225,36.1396,-0.70001,0.004972,-0.108861,0.672833,85,401.01,2,272,24.23
UNH,2026-08-27,2026-11-20,460.0,P,64.25,67.85,66.05,35.3949,-0.74786,0.00466,-0.091769,0.61773,85,401.01,40,85,24.23
UNH,2026-08-27,2026-11-20,470.0,P,72.7,76.45,74.575,35.9748,-0.781749,0.004234,-0.081628,0.570367,85,401.01,1,6,24.23
UNH,2026-08-27,2026-11-20,480.0,P,81.4,85.5,83.45,36.9727,-0.807948,0.003818,-0.073933,0.528608,85,401.01,1,11,24.23
UNH,2026-08-27,2026-11-20,490.0,P,90.25,93.95,92.1,36.3196,-0.842993,0.003419,-0.056067,0.465054,85,401.01,2,2,24.23
UNH,2026-08-27,2026-11-20,500.0,P,102.1,106.4,104.25,43.9367,-0.814338,0.003146,-0.090418,0.5177,85,401.01,0,1,24.23
